stanford,526936546495037440,1414466437000,37.4246066,-122.1711996
stanford,526935898512838656,1414466282000,37.28059914,-121.74678197
stanford,526932328548171776,1414465431000,30.41756059,-91.18231824
stanford,526930418961219584,1414464976000,47.66416253,-122.54949228
stanford,526924461669634048,1414463556000,30.37806592,-94.31121548
stanford,526923459335815168,1414463317000,33.11333013,-96.70079274
stanford,526923247330152449,1414463266000,22.29917196,114.17901484
stanford,526922840885313536,1414463169000,37.43509371,-122.16113486
stanford,526922552120455168,1414463100000,30.37814134,-94.31061619
stanford,526920927104483329,1414462713000,30.37827237,-94.31111534
stanford,526919872400621570,1414462461000,30.37853562,-94.31080909
stanford,526918225658146816,1414462069000,40.4424865,-80.2164804
stanford,526916326527598592,1414461616000,38.91550818,-77.18541325
stanford,526912787852058625,1414460772000,40.99944582,-72.30399116
stanford,526911430042587136,1414460449000,37.42471527,-122.16691886
stanford,526910656424189952,1414460264000,25.69474483,-80.31737581
stanford,526910040410558464,1414460117000,47.7030935,-116.7817439
stanford,526907916943503361,1414459611000,1.48582,124.83935
stanford,526905668423675906,1414459075000,43.4446167,-79.6687037
stanford,526905180747755520,1414458959000,30.1358639,-94.1991761
stanford,526904638185168896,1414458829000,42.74945858,-73.84715259
stanford,526904164908294144,1414458716000,30.37823727,-94.31070785
stanford,526903445077635074,1414458545000,36.8108918,-76.0864479
stanford,526902214955372545,1414458252000,30.37831835,-94.31121172
stanford,526902189923786752,1414458246000,38.9755525,-95.2947844
stanford,526902151474589696,1414458236000,33.4246306,-86.68483
stanford,526901733763858432,1414458137000,40.94291307,-75.8218175
stanford,526901516167544834,1414458085000,30.37826361,-94.31109132
stanford,526901168946302976,1414458002000,30.37828091,-94.3111079
stanford,526899916271263744,1414457704000,30.37831763,-94.31089088
stanford,526897928179572737,1414457230000,37.44302288,-122.17139789
stanford,526895138379821056,1414456564000,40.252372,-111.65285563
stanford,526891969163714560,1414455809000,29.91648529,-95.68987459
stanford,526890943216365568,1414455564000,39.20493852,-81.05795184
stanford,526888120261038080,1414454891000,30.3557893,-94.2007159
stanford,526887796741795840,1414454814000,30.378595,-94.3107269
stanford,526886758991282176,1414454567000,30.37814479,-94.31060861
stanford,526886441373020160,1414454491000,47.7032616,-116.7818495
stanford,526886245536784388,1414454444000,37.42346596,-122.19778477
stanford,526885841357266945,1414454348000,30.37842307,-94.31027589
stanford,526885617758511104,1414454295000,37.42340251,-122.19769123
stanford,526883554161328128,1414453802000,37.43334861,-122.17009617
stanford,526883394081529857,1414453764000,34.7727458,-82.1930741
stanford,526883387286761472,1414453763000,38.85334274,-77.05148586
stanford,526880844078514176,1414453156000,38.60815766,-90.36247272
stanford,526874309244239872,1414451598000,42.51833324,-83.24563023
stanford,526873988749070336,1414451522000,37.42893314,-122.16981411
stanford,526873662008590336,1414451444000,45.4890607,-122.7992164
stanford,526872563457470465,1414451182000,45.4890607,-122.7992164
stanford,526871548825587713,1414450940000,37.4198383,-122.0960826
stanford,526868063564484608,1414450109000,37.42838707,-122.17539773
stanford,526863631766790144,1414449053000,38.6086241,-82.6433119
stanford,526862873533108224,1414448872000,37.43175422,-122.17583969
stanford,526862776547827712,1414448849000,37.4198383,-122.0960826
stanford,526858573843021824,1414447847000,37.43092676,-122.17438459
stanford,526855538425208832,1414447123000,33.92210798,-117.22168195
stanford,526854317878153216,1414446832000,37.4198383,-122.0960826
stanford,526851385061801986,1414446133000,50.79650498,-1.05553409
stanford,526849473251930112,1414445677000,37.42644665,-122.16887718
stanford,526848537112621056,1414445454000,50.79664432,-1.0551792
stanford,526848523527266309,1414445451000,40.987899,-111.90958928
stanford,526846332032405504,1414444928000,37.4284118,-122.169597
stanford,526845833720127488,1414444809000,37.43157884,-122.16394115
stanford,526841956362510336,1414443885000,34.0554647,-117.89452844
stanford,526841209528926208,1414443707000,34.05544292,-117.89456819
stanford,526840914673926144,1414443636000,37.42942175,-122.16760628
stanford,526837598153879552,1414442846000,41.22306021,-73.24257057
stanford,526835103498903552,1414442251000,40.0572732,-83.0523231
stanford,526835094729011200,1414442249000,37.43509371,-122.16113486
stanford,526832981990985728,1414441745000,33.480158,-112.06439839
stanford,526830679888519168,1414441196000,37.42893314,-122.16981411
stanford,526830124076122112,1414441064000,34.08049614,-118.32735591
stanford,526829007942074369,1414440798000,37.4233197,-122.172321
stanford,526824525821132800,1414439729000,37.42893314,-122.16981411
stanford,526823868694937601,1414439572000,34.57536357,-118.08860093
stanford,526823663819968513,1414439524000,37.4260755,-122.1679723
stanford,526819784768618496,1414438599000,37.43157884,-122.16394115
stanford,526812330437652480,1414436821000,51.25646222,0.41777234
stanford,526809584166375424,1414436167000,39.9321108,-75.528151
stanford,526809396248985600,1414436122000,39.9321097,-75.5281372
stanford,526809022410678272,1414436033000,39.9321314,-75.5280662
stanford,526801381597118464,1414434211000,37.43509371,-122.16113486
stanford,526797238400720896,1414433223000,41.22305426,-73.24258863
stanford,526794977524060160,1414432684000,37.42706301,-122.15965893
stanford,526792249007288320,1414432034000,37.79328544,-122.40317838
stanford,526788016980111361,1414431025000,37.40548283,-122.16487885
stanford,526787877099679744,1414430991000,37.43861111,-122.15666667
stanford,526784570558271489,1414430203000,37.36662498,-121.9263044
stanford,526781754904825856,1414429532000,36.61804053,-121.93753241
stanford,526774458590441472,1414427792000,41.22305108,-73.24258932
stanford,526773448497180672,1414427551000,37.42443761,-122.16887024
stanford,526772496541179904,1414427324000,33.24601168,-87.51171558
stanford,526767343322820608,1414426096000,39.8858959,-86.1215641
stanford,526766226224455682,1414425829000,37.43157884,-122.16394115
stanford,526763297895612416,1414425131000,33.65493859,-112.09855879
stanford,526752630198910976,1414422588000,46.826586,-95.832906
stanford,526752174345179136,1414422479000,37.4198383,-122.0960826
stanford,526740633810001920,1414419728000,37.42734,-122.16976
stanford,526720325418221568,1414414886000,40.722014,-73.986901
stanford,526715281411166208,1414413683000,38.89115302,-77.02884117
stanford,526707375714340865,1414411798000,30.37842795,-94.31053242
stanford,526619662965297152,1414390886000,37.43157884,-122.16394115
stanford,526603483404075008,1414387028000,44.04379117,-123.0722993
stanford,526600916590280704,1414386416000,33.9251666,-118.028824
stanford,526599758937202689,1414386140000,37.45425143,-122.43594641
stanford,526596439971864576,1414385349000,-21.8743376,147.9645657
stanford,526593212975439874,1414384580000,37.43157884,-122.16394115
stanford,526592340324917248,1414384372000,31.54561,-97.12319526
stanford,526591761586860032,1414384234000,44.0466163,-123.0839063
stanford,526590278375723008,1414383880000,34.16494098,-118.42518139
stanford,526589961068630016,1414383804000,44.04373691,-123.07948412
stanford,526586858126336001,1414383065000,45.68141083,-122.69228545
stanford,526585568801861632,1414382757000,40.21845648,-79.68556101
stanford,526584188011429888,1414382428000,37.43157884,-122.16394115
stanford,526583706626953216,1414382313000,34.01347082,-118.2864769
stanford,526578816605364226,1414381147000,33.46889822,-112.09379298
stanford,526578256326430721,1414381014000,37.43157884,-122.16394115
stanford,526573890777391105,1414379973000,42.8288237,-123.27859343
stanford,526570964734062592,1414379275000,44.05678837,-123.05595779
stanford,526564801179176960,1414377806000,38.05656698,-122.16342443
stanford,526563834040180736,1414377575000,37.42868866,-122.16156701
stanford,526563567425036288,1414377512000,34.05254322,-118.25648604
stanford,526558381906337794,1414376275000,37.43157884,-122.16394115
stanford,526555207241859073,1414375518000,30.402053,-97.72617406
stanford,526554912121823232,1414375448000,44.04626982,-123.07492455
stanford,526553618712113152,1414375140000,38.85351213,-77.05168565
stanford,526551713763708928,1414374686000,37.43157884,-122.16394115
stanford,526550698188881921,1414374443000,45.41910303,-122.73988008
stanford,526550419821309952,1414374377000,30.37835676,-94.31051627
stanford,526544567722450944,1414372982000,39.7536604,-86.13768943
stanford,526543729872490496,1414372782000,39.75369772,-86.13779548
stanford,526542904462807041,1414372585000,37.429646,-122.160528
stanford,526539386641739776,1414371747000,38.8531865,-77.0516568
stanford,526535342871310336,1414370782000,37.43157884,-122.16394115
stanford,526534152531623936,1414370499000,37.42615192,-122.17178714
stanford,526532561561190400,1414370119000,38.85334375,-77.05160042
stanford,526530188989845505,1414369554000,37.76155962,-122.40278354
stanford,526525115400728577,1414368344000,37.41491377,-122.08429151
stanford,526520862934323202,1414367330000,33.7967186,-84.355328
stanford,526519223418646528,1414366939000,30.3557891,-94.2007156
stanford,526518939183230976,1414366872000,30.37861288,-94.3108378
stanford,526518796559736832,1414366838000,37.43157884,-122.16394115
stanford,526515009464315904,1414365935000,30.3557883,-94.2007152
stanford,526510646725443584,1414364894000,37.4544093,-122.2199597
stanford,526508800250224641,1414364454000,40.77690807,-73.81306664
stanford,526508081124237312,1414364283000,37.43672365,-122.16026263
stanford,526507861913141249,1414364230000,50.93325877,6.92467604
stanford,526507517552377856,1414364148000,37.61865062,-122.38100052
stanford,526507261724995586,1414364087000,37.70418038,-121.73504991
stanford,526506996296876032,1414364024000,30.37832048,-94.31031691
stanford,526495610854461442,1414361310000,37.58211104,-121.99213679
stanford,526492948679380992,1414360675000,37.43642171,-122.16989994
stanford,526491612940369921,1414360356000,33.42464126,-111.92243541
stanford,526490727577305088,1414360145000,37.44237626,-122.1711016
stanford,526489610222710784,1414359879000,40.57157686,-111.98186578
stanford,526489345226973184,1414359816000,38.85348345,-77.05173212
stanford,526488939994316801,1414359719000,38.85342696,-77.0518547
stanford,526488656941703169,1414359652000,32.9645107,-96.8151894
stanford,526485986877136897,1414359015000,37.43249009,-122.17078239
stanford,526483475742740480,1414358416000,37.4284118,-122.169597
stanford,526480555924533248,1414357720000,30.37821349,-94.31100449
stanford,526480519920640002,1414357712000,33.42456727,-111.92254402
stanford,526477884165087232,1414357083000,37.4284118,-122.169597
stanford,526476957312372736,1414356862000,37.4293,-122.138
stanford,526475543315628032,1414356525000,34.02628626,-118.27840574
stanford,526475067233153024,1414356412000,33.42402686,-111.92215219
stanford,526473012959145984,1414355922000,52.4,-1.13333
stanford,526471298155696128,1414355513000,37.4198383,-122.0960826
stanford,526469309850460161,1414355039000,33.42464985,-111.9225199
stanford,526462476741664768,1414353410000,37.42454134,-122.17065148
stanford,526462450775097344,1414353404000,37.42776537,-122.14401393
stanford,526461313854480385,1414353133000,37.43157884,-122.16394115
stanford,526461281700970496,1414353125000,37.43157884,-122.16394115
stanford,526460801947693056,1414353011000,37.4282157,-122.1664767
stanford,526460734453325824,1414352994000,37.42757586,-122.14399691
stanford,526458973420265472,1414352575000,40.03194738,-75.34164769
stanford,526455901410967552,1414351842000,37.43157884,-122.16394115
stanford,526455890636210176,1414351840000,-33.91106,18.408569
stanford,526454525830250498,1414351514000,37.43157884,-122.16394115
stanford,526453740237492224,1414351327000,35.15410413,-89.99051057
stanford,526453394655825920,1414351244000,37.43157884,-122.16394115
stanford,526453346681769984,1414351233000,37.43293707,-122.17056703
stanford,526452718328508416,1414351083000,37.43221788,-122.16657105
stanford,526447621268058113,1414349868000,37.4097299,-122.16440707
stanford,526446899671613440,1414349696000,37.44326788,-122.17137594
stanford,526446706293223426,1414349650000,5.53429488,-0.42505652
stanford,526446098844745728,1414349505000,39.13724354,-88.56516344
stanford,526445959606456320,1414349472000,37.43509371,-122.16113486
stanford,526445373406347264,1414349332000,33.63692284,-117.69298076
stanford,526443088198520832,1414348787000,-1.0375191,37.0742452
stanford,526441502164418560,1414348409000,41.2755147,-111.9691719
stanford,526439339119489024,1414347893000,37.4515789,-122.15597042
stanford,526438550796238848,1414347705000,37.42747716,-122.17021866
stanford,526438231256997888,1414347629000,22.7276666,75.8709307
stanford,526437074908766208,1414347354000,37.44302288,-122.17139789
stanford,526436455607205888,1414347206000,-34.40714,19.24515
stanford,526433283203031042,1414346450000,29.73293615,-95.40810082
stanford,526432559929237504,1414346277000,52.18739514,-0.82489504
stanford,526429008561700864,1414345430000,39.9235092,-75.0352257
stanford,526427693311873026,1414345117000,40.72798042,-73.98334665
stanford,526427633379057665,1414345103000,37.0504536,-122.0278777
stanford,526426723353899008,1414344886000,9.062019,7.3971047
stanford,526425119661772800,1414344503000,37.43157884,-122.16394115
stanford,526422324216881152,1414343837000,40.50752772,-74.4391995
stanford,526419922692616192,1414343264000,52.9460256,-1.1423011
stanford,526418581761036288,1414342944000,31.49051115,65.84275006
stanford,526416152491479040,1414342365000,41.72026686,-87.73383111
stanford,526409890525245440,1414340872000,37.38393154,-121.97872107
stanford,526407564079431681,1414340318000,38.6465037,-77.3106671
stanford,526407133118468096,1414340215000,41.92594142,-87.66363909
stanford,526406010333065216,1414339947000,39.9319636,-75.5266146
stanford,526405424040267776,1414339807000,37.424679,-122.16702725
stanford,526404290840395776,1414339537000,26.9734393,-82.0882561
stanford,526400175904788483,1414338556000,37.43509371,-122.16113486
stanford,526397669531713536,1414337959000,37.05724071,-120.87937185
stanford,526397374286278657,1414337888000,19.43364667,-99.19041333
stanford,526397119590957056,1414337827000,35.0462006,-90.02560976
stanford,526394138514567169,1414337117000,37.4097299,-122.16440707
stanford,526392651202187264,1414336762000,38.85349559,-77.05116366
stanford,526390247551430656,1414336189000,37.43509371,-122.16113486
stanford,526384350024437761,1414334783000,37.43509371,-122.16113486
stanford,526383562128629760,1414334595000,37.43509371,-122.16113486
stanford,526382626517823488,1414334372000,37.43509371,-122.16113486
stanford,526382534641606657,1414334350000,35.1063206,-89.8797549
stanford,526382291787194368,1414334292000,37.43509371,-122.16113486
stanford,526380364567416832,1414333833000,51.06489471,-114.07605923
stanford,526380189933400064,1414333791000,35.10602743,-89.87969784
stanford,526378912629399552,1414333487000,41.12392076,-8.61459211
stanford,526370923428200448,1414331582000,38.85333495,-77.05151947
stanford,526370194374295552,1414331408000,40.252633,58.439425
stanford,526365209838231552,1414330220000,27.7796635,-82.7090517
stanford,526362515698384897,1414329577000,38.78375964,-77.63557796
stanford,526353263994867712,1414327371000,-34.4382637,19.4573204
stanford,526346978804772864,1414325873000,37.43293707,-122.17056703
stanford,526338363633438720,1414323819000,38.85270794,-77.05148871
stanford,526329921938141184,1414321806000,-34.4251841,19.4076859
stanford,526325462872915968,1414320743000,35.87678944,-78.7959078
stanford,526299655035187200,1414314590000,51.50697711,0.50465159
stanford,526276125463293952,1414308980000,37.78678264,-122.41487603
stanford,526274497377083392,1414308592000,37.43334861,-122.17009617
stanford,526267092832505856,1414306827000,34.2052689,-119.1696086
stanford,526265273905872899,1414306393000,19.9248507,-155.8836567
stanford,526257271857115136,1414304485000,37.7833904,-122.3898038
stanford,526257185274466304,1414304465000,33.39780241,-111.93973177
stanford,526255404867940352,1414304040000,32.1142508,-111.1108452
stanford,526247833184505856,1414302235000,32.1142448,-111.1107644
stanford,526247469093359616,1414302148000,34.16276791,-118.52754191
stanford,526246497541967872,1414301916000,32.1141992,-111.1107863
stanford,526245754289922048,1414301739000,40.72175549,-111.86945386
stanford,526245053258543104,1414301572000,47.27128296,-122.4987348
stanford,526244495776808960,1414301439000,40.6846415,-111.816317
stanford,526243811492511745,1414301276000,32.671489,-117.0532957
stanford,526242967925690368,1414301075000,30.34455267,-94.17804782
stanford,526240972145844224,1414300599000,34.41963184,-119.85433951
stanford,526233129099739136,1414298729000,37.43157884,-122.16394115
stanford,526233089475751936,1414298720000,37.71418598,-122.469671
stanford,526230938905509888,1414298207000,38.8899918,-104.852358
stanford,526229722120744960,1414297917000,38.32427056,-122.02440452
stanford,526229571436158976,1414297881000,38.33679005,-122.68492272
stanford,526228740422901762,1414297683000,39.9978958,-82.99905711
stanford,526225978558001152,1414297024000,32.1374823,-110.9750086
stanford,526219336051351553,1414295441000,25.7829565,-80.13591987
stanford,526218391670247425,1414295215000,38.14537,-121.286751
stanford,526214887056613376,1414294380000,39.6512602,-79.8624743
stanford,526209729585217536,1414293150000,39.06086309,-94.59047434
stanford,526206562172293120,1414292395000,34.08364089,-118.3778402
stanford,526205253243641856,1414292083000,39.55899943,-76.24674518
stanford,526204974292664321,1414292016000,33.63235609,-112.0467185
stanford,526203934973902848,1414291769000,33.5835846,-85.09919187
stanford,526202625185038336,1414291456000,43.30414691,-91.78838742
stanford,526196212299735040,1414289927000,37.44632538,-122.15960916
stanford,526191373850927104,1414288774000,34.0576325,-118.415528
stanford,526191246076043265,1414288743000,41.35925552,-82.09806397
stanford,526189705805967360,1414288376000,37.40059927,-122.11361647
stanford,526187836685684736,1414287931000,25.835584,-80.216555
stanford,526187584498974720,1414287870000,25.835543,-80.216567
stanford,526180247889522688,1414286121000,41.22263122,-73.2091564
stanford,526177909124251649,1414285564000,37.44412398,-122.1614822
stanford,526176725584330752,1414285281000,30.37830038,-94.31103811
stanford,526170882683985920,1414283888000,30.37844848,-94.31044625
stanford,526169609716912128,1414283585000,37.43509371,-122.16113486
stanford,526167518071627777,1414283086000,37.4280435,-122.20116715
stanford,526167289310105601,1414283032000,37.4231684,-122.16892845
stanford,526165629070348288,1414282636000,42.2730474,-83.6861258
stanford,526165161598803968,1414282524000,37.43157884,-122.16394115
stanford,526164918739795968,1414282466000,45.395528,-122.2677711
stanford,526162499041624066,1414281890000,37.45006681,-122.18623149
stanford,526160336806625280,1414281374000,37.43509371,-122.16113486
stanford,526159890554032128,1414281268000,38.90563277,-77.04283522
stanford,526157530150342656,1414280705000,37.78678264,-122.41487603
stanford,526155797274034176,1414280292000,33.5806735,-85.1044753
stanford,526154353816911873,1414279948000,27.73985226,-81.56952849
stanford,526152369139351552,1414279474000,37.43509371,-122.16113486
stanford,526151330423783424,1414279227000,37.4238233,-122.1654578
stanford,526150070475829249,1414278926000,37.4450025,-122.17181022
stanford,526149742003494913,1414278848000,41.0587392,-85.2220387
stanford,526149400733954048,1414278767000,32.8406315,-116.7622234
stanford,526149321033793536,1414278748000,41.94357407,-87.66332878
stanford,526148731880472576,1414278607000,36.07345508,-79.79022034
stanford,526148125950754816,1414278463000,37.24246183,-78.46230835
stanford,526146938027380736,1414278180000,37.43509371,-122.16113486
stanford,526146035488260096,1414277964000,37.43509371,-122.16113486
stanford,526145120303726592,1414277746000,37.43509371,-122.16113486
stanford,526144124458508288,1414277509000,37.41608288,-122.17578446
stanford,526143648006565889,1414277395000,37.3126668,-121.938863
stanford,526143476216250368,1414277354000,57.80259107,-152.38823077
stanford,526143262768521216,1414277303000,37.43509371,-122.16113486
stanford,526142294995779584,1414277073000,51.42571755,-0.13418874
stanford,526142290851414016,1414277072000,37.43509371,-122.16113486
stanford,526139817218691072,1414276482000,37.46164987,-122.16231447
stanford,526139805663379459,1414276479000,44.32002225,-123.3124908
stanford,526138666704711680,1414276207000,33.8000641,-79.0208963
stanford,526136503152291840,1414275692000,37.46405151,-122.16388836
stanford,526136269965754369,1414275636000,37.424106,-122.1660756
stanford,526136208876109824,1414275621000,37.43509371,-122.16113486
stanford,526135374830383104,1414275423000,41.89474,12.4839
stanford,526135022869172224,1414275339000,37.43509371,-122.16113486
stanford,526134559838965760,1414275228000,34.02637519,-118.27846477
stanford,526134344658612224,1414275177000,37.77680947,-122.44962258
stanford,526134236386848769,1414275151000,33.858569,-117.5811851
stanford,526133810316865538,1414275050000,37.43456522,-122.16014511
stanford,526133444967809024,1414274963000,37.43516,-122.16135
stanford,526132939721957376,1414274842000,37.43509371,-122.16113486
stanford,526131819058843648,1414274575000,37.43509371,-122.16113486
stanford,526131747138715648,1414274558000,31.19847297,-97.29497096
stanford,526131486873759744,1414274496000,31.19847472,-97.29497104
stanford,526131463683452928,1414274490000,37.4066729,-122.1649236
stanford,526130304348864512,1414274214000,41.90796001,12.4522032
stanford,526129674033061888,1414274063000,37.43394524,-122.16235863
stanford,526129385968254976,1414273995000,35.2637993,-85.1571526
stanford,526128059683205120,1414273679000,51.42560125,-0.13401841
stanford,526127880938323969,1414273636000,37.43475256,-122.16123354
stanford,526127770766548992,1414273610000,37.43435065,-122.16060104
stanford,526127338271293441,1414273507000,33.78965944,-84.37360356
stanford,526126915972005888,1414273406000,45.45031585,-122.80341162
stanford,526126444096028673,1414273293000,37.43471426,-122.16159876
stanford,526126314185449472,1414273262000,34.02625783,-118.27834327
stanford,526126207717216256,1414273237000,37.43509371,-122.16113486
stanford,526125637442863104,1414273101000,44.2720086,-123.1590704
stanford,526125434899951616,1414273053000,37.43461008,-122.16143286
stanford,526125209217011712,1414272999000,37.43460211,-122.16091697
stanford,526124918677598208,1414272930000,44.5599513,-123.27743722
stanford,526124881008934912,1414272921000,37.43509371,-122.16113486
stanford,526124722048622592,1414272883000,37.43496677,-122.16201668
stanford,526124218878935040,1414272763000,37.43157884,-122.16394115
stanford,526123504778100736,1414272593000,37.42893314,-122.16981411
stanford,526123274158084097,1414272538000,37.43496124,-122.16198256
stanford,526122792450682880,1414272423000,44.54430153,-122.89863659
stanford,526121777341431808,1414272181000,37.434952,-122.16167273
stanford,526121624056385537,1414272144000,37.43509371,-122.16113486
stanford,526121282522587138,1414272063000,42.4378665,-122.8281018
stanford,526120982382383104,1414271991000,37.6130878,-122.3840037
stanford,526120447101136897,1414271864000,37.43444858,-122.16083307
stanford,526120222831308800,1414271810000,37.43491515,-122.1612786
stanford,526120191785058304,1414271803000,44.53700915,-123.25695039
stanford,526119904429105154,1414271734000,37.43446947,-122.16023862
stanford,526119837173833728,1414271718000,37.43756397,-122.16194854
stanford,526119379273256960,1414271609000,37.43509371,-122.16113486
stanford,526119252533575680,1414271579000,37.4342387,-122.1616583
stanford,526119165141069824,1414271558000,37.5392187,-122.36217828
stanford,526118865479401473,1414271487000,37.43509371,-122.16113486
stanford,526118430957518848,1414271383000,37.43509371,-122.16113486
stanford,526117105159393281,1414271067000,37.43410741,-122.16041163
stanford,526117075006128129,1414271060000,37.43509371,-122.16113486
stanford,526116335101566977,1414270883000,34.06579269,-118.19413804
stanford,526115493753917440,1414270683000,37.42417891,-122.17086554
stanford,526115079436374016,1414270584000,33.30211235,-111.71064444
stanford,526114782722543616,1414270513000,40.5256585,-111.9457711
stanford,526114568125558784,1414270462000,37.43472641,-122.16101646
stanford,526113760490967041,1414270269000,37.72293482,-121.42782215
stanford,526113635450384384,1414270240000,37.43509371,-122.16113486
stanford,526113503480774659,1414270208000,34.2503086,-92.0221386
stanford,526113016019173377,1414270092000,37.43509371,-122.16113486
stanford,526111540546920448,1414269740000,47.1306001,-122.6016032
stanford,526111303266734082,1414269684000,37.43509371,-122.16113486
stanford,526110832720351233,1414269571000,37.42894689,-122.16514673
stanford,526110592256331776,1414269514000,37.43414647,-122.16106491
stanford,526110301855285248,1414269445000,37.43509371,-122.16113486
stanford,526110041409990656,1414269383000,35.39396241,-119.01154853
stanford,526110038763401216,1414269382000,37.43469699,-122.1615661
stanford,526108660414812160,1414269053000,37.44302288,-122.17139789
stanford,526108530945036288,1414269023000,43.985136,-122.9783879
stanford,526108494982676481,1414269014000,37.43431779,-122.16124629
stanford,526107757075001344,1414268838000,38.00712102,-121.8594802
stanford,526107729476472835,1414268831000,37.39700725,-122.01877361
stanford,526107649394221056,1414268812000,44.55786598,-123.28335181
stanford,526106815994408960,1414268614000,37.43509371,-122.16113486
stanford,526106569197772800,1414268555000,33.6627367,-112.08251243
stanford,526106452373798912,1414268527000,33.6627367,-112.08251243
stanford,526105899065040898,1414268395000,37.43509371,-122.16113486
stanford,526105683536936960,1414268344000,33.48006605,-112.06392428
stanford,526104862921359360,1414268148000,45.4165591,-122.5090181
stanford,526102923952926720,1414267686000,33.6073951,-85.0514031
stanford,526102482293104640,1414267580000,37.43472641,-122.16101646
stanford,526102461325402112,1414267575000,33.858569,-117.5811851
stanford,526101739398004736,1414267403000,37.43472641,-122.16101646
stanford,526101563862175744,1414267361000,25.886614,-80.164862
stanford,526100654298005504,1414267145000,37.44302288,-122.17139789
stanford,526100256598294529,1414267050000,37.44302288,-122.17139789
stanford,526099904507039744,1414266966000,37.43518047,-122.16190327
stanford,526099623380013056,1414266899000,45.53163545,-122.65625954
stanford,526099321075544066,1414266827000,37.44326788,-122.17137594
stanford,526098502926237696,1414266632000,37.43472641,-122.16101646
stanford,526098084087209985,1414266532000,38.63553316,-121.21697495
stanford,526097752439418880,1414266453000,37.44237626,-122.1711016
stanford,526097511803781120,1414266395000,38.91546232,-77.18557534
stanford,526096548263116801,1414266166000,35.3068828,-119.0332081
stanford,526096356038180864,1414266120000,45.59116369,-122.49889232
stanford,526096348186427392,1414266118000,44.07538841,-121.25552726
stanford,526096336995618817,1414266115000,37.3126571,-121.9388936
stanford,526096010506825729,1414266037000,37.4343404,-122.1604331
stanford,526095306316709888,1414265870000,37.4342144,-122.161664
stanford,526094982713966592,1414265792000,37.43509371,-122.16113486
stanford,526094812387106816,1414265752000,37.3126513,-121.9388715
stanford,526094371632840704,1414265647000,37.8162208,-121.3076104
stanford,526094322228539392,1414265635000,37.43509371,-122.16113486
stanford,526094009555771392,1414265560000,37.43472641,-122.16101646
stanford,526093844308590592,1414265521000,37.43509371,-122.16113486
stanford,526093800360259585,1414265511000,37.3126699,-121.938879
stanford,526093441466654721,1414265425000,2.9438988,-75.2557925
stanford,526093347278970880,1414265402000,34.06562668,-118.19395297
stanford,526092772910968832,1414265266000,37.43509371,-122.16113486
stanford,526091553102893056,1414264975000,37.43157884,-122.16394115
stanford,526090851551035393,1414264807000,37.40548283,-122.16487885
stanford,526088416299986944,1414264227000,37.43509371,-122.16113486
stanford,526088268635725824,1414264192000,37.44436517,-122.1707045
stanford,526087568052334592,1414264025000,37.43429119,-122.1611256
stanford,526086704206446592,1414263819000,37.43509371,-122.16113486
stanford,526086107335651328,1414263676000,37.43157884,-122.16394115
stanford,526086053380497409,1414263664000,37.53944371,-122.36224084
stanford,526085739466223616,1414263589000,37.43522305,-122.16140782
stanford,526083474659508224,1414263049000,44.5702401,-123.2741273
stanford,526081444255260672,1414262565000,37.428804,-122.164289
stanford,526081047143137281,1414262470000,38.91551591,-77.18567049
stanford,526080471776497665,1414262333000,36.3304734,-119.3041154
stanford,526078517034102784,1414261867000,37.87103701,-122.26949114
stanford,526077942536110080,1414261730000,37.43292822,-122.17060539
stanford,526077055134617600,1414261518000,47.63587926,-122.36607221
stanford,526073128255246337,1414260582000,37.43509371,-122.16113486
stanford,526072137447399424,1414260346000,40.74107684,-111.83082986
stanford,526068817529933824,1414259554000,37.43472641,-122.16101646
stanford,526068082209337344,1414259379000,34.16266846,-118.52757392
stanford,526062756290904064,1414258109000,37.427385,-122.159982
stanford,526062338588557312,1414258009000,33.67992742,-117.62616746
stanford,526061119438614529,1414257719000,37.42593706,-122.17212603
stanford,526061090342318080,1414257712000,42.62172752,-97.27490354
stanford,526061061401620480,1414257705000,37.427115,-122.168188
stanford,526059620976971776,1414257362000,34.072183,-118.4498262
stanford,526059262598860800,1414257276000,37.43509371,-122.16113486
stanford,526058097262219264,1414256998000,37.42893314,-122.16981411
stanford,526055277318377473,1414256326000,35.1001497,-92.4384167
stanford,526054422385025024,1414256122000,37.3706813,-121.9126776
stanford,526052671627608064,1414255705000,37.4247203,-122.1669869
stanford,526052395735085056,1414255639000,33.2907821,-111.7091095
stanford,526051531368701952,1414255433000,37.43556779,-122.1652686
stanford,526048932191678464,1414254813000,37.43509371,-122.16113486
stanford,526045447702736896,1414253982000,38.86449968,-77.04654479
stanford,526044843995594754,1414253838000,37.43472641,-122.16101646
stanford,526044188584837120,1414253682000,34.0721218,-118.4497964
stanford,526042355062026240,1414253245000,38.90718057,-77.02299497
stanford,526039345896361985,1414252528000,39.90275895,-85.9701014
stanford,526037864661131264,1414252174000,39.90215034,-75.3501092
stanford,526036855805206528,1414251934000,37.42662382,-122.15995731
stanford,526035521294716930,1414251616000,37.5688608,-122.39536381
stanford,526035248019415040,1414251551000,37.42916146,-122.16440418
stanford,526033515977375745,1414251138000,33.59935235,-90.77622559
stanford,526032944297934848,1414251001000,37.32097121,-121.94829192
stanford,526032490512023552,1414250893000,37.43157884,-122.16394115
stanford,526029693146124290,1414250226000,37.42672092,-122.16003625
stanford,526028304143646720,1414249895000,37.42888846,-122.16434425
stanford,526023657571643392,1414248787000,-6.54232,108.3018
stanford,526020629708156928,1414248065000,37.42892572,-122.1647009
stanford,526014650539061249,1414246640000,37.42608745,-122.1689558
stanford,526011906633773056,1414245986000,38.87267066,-77.04121484
stanford,526005214911148032,1414244390000,38.85325887,-77.05167512
stanford,525955778939981824,1414232604000,51.50697711,0.50465159
stanford,525948203741741056,1414230798000,48.7835644,2.0431962
stanford,525938260011655168,1414228427000,55.68177151,12.57543731
stanford,525937858851655680,1414228331000,49.611323,6.1275502
stanford,525914466609672192,1414222754000,37.235466,-121.834325
stanford,525909563099201536,1414221585000,37.42406814,-122.16525435
stanford,525906848503713792,1414220938000,37.43157884,-122.16394115
stanford,525902985663373314,1414220017000,43.12045438,-124.41703781
stanford,525900511305039872,1414219427000,37.43157884,-122.16394115
stanford,525896697273409536,1414218517000,37.43157884,-122.16394115
stanford,525891136036945920,1414217192000,34.2987702,-118.4334306
stanford,525891035155931136,1414217168000,47.66850973,-122.36266719
stanford,525890843790802944,1414217122000,45.4167583,-122.509084
stanford,525890549912727552,1414217052000,42.4378665,-122.8281018
stanford,525886489335312387,1414216084000,34.16085937,-118.16818075
stanford,525886380564832256,1414216058000,45.68943295,-122.64569063
stanford,525880280393846785,1414214603000,20.67456231,-156.43728892
stanford,525879740259778560,1414214475000,44.26004121,-121.26447921
stanford,525879608630317056,1414214443000,47.6490208,-117.4420339
stanford,525877909006069760,1414214038000,45.5248699,-122.6739626
stanford,525876038983626752,1414213592000,37.79729349,-122.22885641
stanford,525874093045084160,1414213128000,30.3781815,-94.31081381
stanford,525873965449748480,1414213098000,44.6544135,-123.0980701
stanford,525873907933671425,1414213084000,30.12072025,-94.19443633
stanford,525873591431491584,1414213009000,30.37831191,-94.31106493
stanford,525873403111043072,1414212964000,30.3782559,-94.31115312
stanford,525872011159957504,1414212632000,37.4484318,-122.1547789
stanford,525870067716616192,1414212168000,37.77680947,-122.44962258
stanford,525868416725680128,1414211775000,33.42910982,-111.90979751
stanford,525866058658222081,1414211213000,39.01277996,-94.84464188
stanford,525862387388547072,1414210337000,40.02268185,-83.02664615
stanford,525860665987444736,1414209927000,45.5248699,-122.6739626
stanford,525860299811729408,1414209840000,45.24684692,-123.10949402
stanford,525860031258845184,1414209776000,42.18634995,-122.69010261
stanford,525859995230154754,1414209767000,34.04401262,-118.26754517
stanford,525859723245916160,1414209702000,44.11538202,-123.1222485
stanford,525859675838111744,1414209691000,34.2156002,-77.7894822
stanford,525854810432876544,1414208531000,45.5240488,-122.6802287
stanford,525851246259736576,1414207681000,37.4199793,-122.16730624
stanford,525847800953573376,1414206860000,37.42396186,-122.17187288
stanford,525847565627973633,1414206804000,22.31725739,114.17309671
stanford,525847263776501761,1414206732000,37.43157884,-122.16394115
stanford,525847215973994498,1414206720000,37.43157884,-122.16394115
stanford,525846824456683520,1414206627000,37.78678264,-122.41487603
stanford,525844559503171585,1414206087000,37.40307848,-121.96971321
stanford,525842274010144770,1414205542000,37.425417,-122.167445
stanford,525842101989167104,1414205501000,37.43208713,-122.16659178
stanford,525841455013572609,1414205347000,41.4222233,-81.6929081
stanford,525838140909420544,1414204557000,37.429646,-122.160528
stanford,525837195496529920,1414204331000,45.53790501,-122.87223551
stanford,525834702620336128,1414203737000,38.91555548,-77.18561004
stanford,525828728052412417,1414202312000,37.43108178,-122.16082279
stanford,525819799603929088,1414200184000,34.16085937,-118.16818075
stanford,525818853193154562,1414199958000,37.42747716,-122.17021866
stanford,525813105511518208,1414198588000,37.429002,-122.164143
stanford,525812841107189760,1414198525000,37.44302288,-122.17139789
stanford,525811611932426240,1414198232000,37.42957046,-122.16068651
stanford,525808540544692224,1414197499000,37.43157884,-122.16394115
stanford,525807646818201601,1414197286000,37.4270121,-122.149486
stanford,525803070094331905,1414196195000,37.42918632,-122.16419103
stanford,525798702934667264,1414195154000,37.7970798,-122.3955647
stanford,525798319394934784,1414195062000,37.44369409,-122.17189451
stanford,525793935508385793,1414194017000,37.43180439,-122.16371453
stanford,525788721535541248,1414192774000,37.43157884,-122.16394115
stanford,525786073637457920,1414192143000,41.8572441,-86.3552293
stanford,525784178500325376,1414191691000,40.97963121,-74.15195311
stanford,525782991692263425,1414191408000,37.42454773,-122.1711304
stanford,525780746581966848,1414190873000,37.89635974,-122.5166203
stanford,525777868979453952,1414190187000,38.85340003,-77.05088591
stanford,525777667442749440,1414190139000,37.4322749,-122.1565224
stanford,525777023373824000,1414189985000,37.4322749,-122.1565224
stanford,525775726268526592,1414189676000,37.4322749,-122.1565224
stanford,525775596094099456,1414189645000,37.4322749,-122.1565224
stanford,525775287263313920,1414189571000,37.4322749,-122.1565224
stanford,525774787927240704,1414189452000,37.4322749,-122.1565224
stanford,525774736433762305,1414189440000,35.50029578,-119.26316346
stanford,525774190432227328,1414189310000,37.42767438,-122.16181733
stanford,525773489400053761,1414189142000,37.4278742,-122.1684256
stanford,525772774355529729,1414188972000,37.41608288,-122.17578446
stanford,525772552665591809,1414188919000,37.42823388,-122.16293909
stanford,525772334834016256,1414188867000,37.4322749,-122.1565224
stanford,525771841919807488,1414188750000,37.4262675,-122.15926038
stanford,525770640024813568,1414188463000,37.4322749,-122.1565224
stanford,525770404946640897,1414188407000,37.4322749,-122.1565224
stanford,525770061366034432,1414188325000,37.4322749,-122.1565224
stanford,525768856548429824,1414188038000,42.25805531,-71.15073163
stanford,525768559746510848,1414187967000,37.4322749,-122.1565224
stanford,525768226836582401,1414187888000,37.43293707,-122.17056703
stanford,525767781048782848,1414187781000,37.4322749,-122.1565224
stanford,525765962642235393,1414187348000,37.42656616,-122.15977276
stanford,525764919946674176,1414187099000,37.23225828,-80.41037631
stanford,525762135339847680,1414186435000,25.71717806,-80.28106928
stanford,525761985023987712,1414186400000,37.43109513,-122.16109425
stanford,525760202403225600,1414185975000,37.44237626,-122.1711016
stanford,525759860882018305,1414185893000,37.42890519,-122.16418541
stanford,525757138937724928,1414185244000,37.43182718,-122.17326008
stanford,525756246339903488,1414185031000,40.7352,-73.982911
stanford,525755794164563968,1414184924000,51.72774594,-1.5400699
stanford,525754603204542465,1414184640000,37.42876253,-122.16407594
stanford,525752734944067584,1414184194000,42.79553178,13.11125141
stanford,525745406417055744,1414182447000,37.42931096,-122.16491201
stanford,525744639488561152,1414182264000,37.42927039,-122.16437082
stanford,525740545625575424,1414181288000,36.86296247,-76.29122803
stanford,525740192532287490,1414181204000,45.16846398,-79.64140096
stanford,525739788599824384,1414181108000,37.42903506,-122.16423201
stanford,525733836307836928,1414179688000,37.43292822,-122.17060539
stanford,525732776440766466,1414179436000,41.22264215,-73.20917225
stanford,525732698107957249,1414179417000,41.22264215,-73.20917225
stanford,525731282610036738,1414179080000,37.42407195,-122.16852134
stanford,525730419640004608,1414178874000,47.48975899,-111.27978911
stanford,525728381762273281,1414178388000,43.7933671,-79.1746807
stanford,525722620751142912,1414177014000,38.59562831,-121.34592952
stanford,525721701913722880,1414176795000,37.42893314,-122.16981411
stanford,525721557914894337,1414176761000,37.41397401,-122.19304777
stanford,525720480159113220,1414176504000,28.10309778,-82.47161258
stanford,525720026717114368,1414176396000,37.42884341,-122.16418489
stanford,525719376570249216,1414176241000,37.4284118,-122.169597
stanford,525718892937637888,1414176126000,37.428821,-122.164213
stanford,525718420332216320,1414176013000,37.42804603,-122.16243335
stanford,525718201637019649,1414175961000,37.42631034,-122.15934509
stanford,525717943078756352,1414175899000,37.42472597,-122.17630598
stanford,525715236507385857,1414175254000,37.42968056,-122.16049131
stanford,525714986828853248,1414175194000,37.4555728,-122.1601672
stanford,525714644971687936,1414175113000,37.428826,-122.164276
stanford,525713523083857920,1414174845000,37.42833904,-122.16291856
stanford,525713068752637953,1414174737000,37.42655971,-122.16000061
stanford,525711907391406080,1414174460000,41.8231276,-88.197035
stanford,525711332432441344,1414174323000,37.42893083,-122.16424886
stanford,525710856634785794,1414174210000,37.42800976,-122.16210485
stanford,525706804605370368,1414173244000,37.78521856,-122.40056265
stanford,525706576384909312,1414173189000,47.48985887,-111.27983684
stanford,525706332989833216,1414173131000,37.42917705,-122.16418323
stanford,525706043079139329,1414173062000,37.43627041,-122.16223913
stanford,525703911639117826,1414172554000,37.42895611,-122.16424073
stanford,525703623180054528,1414172485000,37.42625649,-122.15923859
stanford,525699460375273472,1414171493000,37.42930801,-122.16080189
stanford,525698659045085184,1414171301000,37.42959015,-122.16072575
stanford,525697847656984576,1414171108000,37.42962504,-122.16063649
stanford,525693616690180096,1414170099000,37.42958345,-122.16073981
stanford,525691220320739328,1414169528000,37.42615192,-122.17178714
stanford,525689973748408322,1414169231000,37.428815,-122.164292
stanford,525688740308471808,1414168937000,34.61619934,-98.40475897
stanford,525686997927469057,1414168521000,56.94137561,24.08064208
stanford,525685206058287104,1414168094000,37.42443761,-122.16887024
stanford,525685165449043969,1414168084000,37.42642153,-122.15955509
stanford,525678731701280770,1414166550000,37.42829746,-122.16456788
stanford,525674338704310273,1414165503000,-6.25725,106.80974
stanford,525674081228570624,1414165442000,37.4198383,-122.0960826
stanford,525670479365820418,1414164583000,27.5722528,-99.4307463
stanford,525670332535799808,1414164548000,37.3324843,-121.89176639
stanford,525668826709389312,1414164189000,37.42365451,-122.13058085
stanford,525668474505674754,1414164105000,37.42869019,-122.16371718
stanford,525667666808160256,1414163912000,37.41791421,-122.17490293
stanford,525664981816459265,1414163272000,37.4290551,-122.16414241
stanford,525664715620360192,1414163209000,37.4198383,-122.0960826
stanford,525662938359951360,1414162785000,34.03557645,-118.37783323
stanford,525662540962201600,1414162690000,37.42653809,-122.15588565
stanford,525660664690651137,1414162243000,37.42883725,-122.16408131
stanford,525654751120457728,1414160833000,41.89988664,-87.62212748
stanford,525651141741531136,1414159972000,41.23072815,-73.22090149
stanford,525637689752973314,1414156765000,38.1047781,-84.73202
stanford,525628749241655297,1414154634000,38.9755266,-95.2947992
stanford,525627299765714944,1414154288000,38.9755427,-95.2947716
stanford,525625052843503616,1414153752000,43.19481568,-71.57659294
stanford,525622767870566400,1414153208000,39.77781747,-86.18313746
stanford,525615276629700608,1414151422000,37.42893314,-122.16981411
stanford,525585150172622849,1414144239000,37.45095188,-122.15911346
stanford,525579553037881344,1414142904000,37.43157884,-122.16394115
stanford,525547846678749184,1414135345000,52.35017,4.93905
stanford,525543030116610048,1414134197000,40.7997803,-77.8537151
stanford,525540606022406144,1414133619000,33.9110047,-117.492782
stanford,525535648493481986,1414132437000,37.43157884,-122.16394115
stanford,525535347824799744,1414132365000,39.9321063,-75.526672
stanford,525530253611917313,1414131151000,34.29658764,-118.52160802
stanford,525529906407407616,1414131068000,37.78678264,-122.41487603
stanford,525528198185242624,1414130660000,22.29917196,114.17901484
stanford,525520213878779904,1414128757000,33.90451867,-117.98260731
stanford,525520129723883521,1414128737000,39.9320969,-75.5267646
stanford,525520011612278784,1414128709000,39.932104,-75.526763
stanford,525519544853348352,1414128597000,39.9320985,-75.5267578
stanford,525519449453891584,1414128575000,39.9321015,-75.5267671
stanford,525516877884567553,1414127961000,37.4431149,-122.151686
stanford,525515757254627329,1414127694000,37.42011829,-122.20201157
stanford,525511324663808000,1414126638000,33.86929298,-118.26800103
stanford,525499822422650880,1414123895000,40.43151803,-74.14362907
stanford,525499303062933504,1414123771000,40.43154149,-74.14366175
stanford,525498946706104320,1414123686000,26.00152183,-80.32430575
stanford,525498027109543936,1414123467000,40.43159715,-74.1436035
stanford,525490215096700928,1414121605000,37.43157884,-122.16394115
stanford,525490089254612993,1414121575000,37.42615192,-122.17178714
stanford,525488249952022530,1414121136000,29.89365412,-90.02870139
stanford,525485329957273600,1414120440000,30.37822931,-94.31103648
stanford,525484892147437570,1414120335000,38.85351312,-77.05169905
stanford,525482383609712640,1414119737000,45.8415103,-108.4513995
stanford,525480778784731136,1414119355000,37.43157884,-122.16394115
stanford,525477638358712321,1414118606000,34.0386468,-80.9475925
stanford,525474307208523776,1414117812000,37.43157884,-122.16394115
stanford,525473486383243264,1414117616000,37.42747716,-122.17021866
stanford,525472896719028224,1414117476000,37.7876441,-122.3974555
stanford,525472763453403136,1414117444000,37.80816073,-122.41113495
stanford,525465482158026754,1414115708000,34.16085937,-118.16818075
stanford,525456946103861249,1414113673000,37.42746771,-122.17041492
stanford,525454358461558784,1414113056000,37.42810089,-122.16243438
stanford,525452193475084289,1414112540000,37.42893314,-122.16981411
stanford,525450759622500352,1414112198000,45.6251329,-111.0806564
stanford,525443755634339840,1414110528000,37.42898326,-122.16432665
stanford,525443462217629697,1414110458000,37.42923594,-122.16417979
stanford,525441308698349571,1414109944000,37.42854974,-122.16432095
stanford,525439578485035010,1414109532000,37.42810089,-122.16243438
stanford,525437354451161088,1414109002000,33.4351883,-111.79782804
stanford,525436990809186304,1414108915000,37.47533368,-122.13798174
stanford,525435883055759362,1414108651000,37.485735,-122.201816
stanford,525435431786409985,1414108543000,37.42908892,-122.16424744
stanford,525435018978799616,1414108445000,38.86130757,-77.09235795
stanford,525432719007039488,1414107896000,37.42880502,-122.16438104
stanford,525431555590615040,1414107619000,37.78678264,-122.41487603
stanford,525426917114400769,1414106513000,40.44156782,-79.95701923
stanford,525426445888532481,1414106401000,37.42893314,-122.16981411
stanford,525426207786299393,1414106344000,40.44160871,-79.95698504
stanford,525425908627550209,1414106273000,37.77783124,-122.38980799
stanford,525424944961032193,1414106043000,37.42901735,-122.16424126
stanford,525417811800506368,1414104342000,37.428816,-122.164286
stanford,525416974491586560,1414104143000,37.44237626,-122.1711016
stanford,525416696027561984,1414104076000,37.429083,-122.16353
stanford,525416352593752065,1414103994000,37.429345,-122.16304
stanford,525413801953595393,1414103386000,37.42775208,-122.16342873
stanford,525413709104300032,1414103364000,37.42777337,-122.16191555
stanford,525413327246475265,1414103273000,37.42904722,-122.16428214
stanford,525407853159280640,1414101968000,37.78678264,-122.41487603
stanford,525403121703718912,1414100840000,37.39278798,-122.09573896
stanford,525397124691677184,1414099410000,34.0039004,-118.4336648
stanford,525393917853073411,1414098646000,37.42482561,-122.17210252
stanford,525390701257699328,1414097879000,37.39330372,-122.09562675
stanford,525390429538512896,1414097814000,29.63700438,-95.56397453
stanford,525385387884412929,1414096612000,37.43180439,-122.16371453
stanford,525384890830028801,1414096493000,37.42896833,-122.16539986
stanford,525383023320395777,1414096048000,39.86295375,-104.67363454
stanford,525382723914182657,1414095977000,37.56360194,-122.32514792
stanford,525378055548977155,1414094864000,29.78292194,-98.70767392
stanford,525377468958793728,1414094724000,39.931909,-75.5286087
stanford,525377202989584385,1414094660000,39.931909,-75.5286087
stanford,525376997959421952,1414094612000,37.43552326,-122.17526177
stanford,525371794518462465,1414093371000,37.331505,-121.899107
stanford,525365036743942144,1414091760000,55.68151401,12.57549051
stanford,525363700153475072,1414091441000,37.43171321,-122.17619314
stanford,525360515175165952,1414090682000,37.42891977,-122.16414124
stanford,525358060668473345,1414090097000,37.42927998,-122.16437157
stanford,525357920272515072,1414090063000,37.42625649,-122.15923859
stanford,525347921219551232,1414087679000,50.81765561,-1.07165641
stanford,525343066685972480,1414086522000,37.42671403,-122.17009943
stanford,525341158600630272,1414086067000,41.23216761,-73.20541112
stanford,525341125062963200,1414086059000,41.23217773,-73.20540269
stanford,525340409955102722,1414085888000,37.33164837,-121.88265136
stanford,525338304125091840,1414085386000,37.4280339,-122.1628139
stanford,525332144894517249,1414083918000,37.4288652,-122.16426814
stanford,525326948353191937,1414082679000,41.23216059,-73.20541587
stanford,525326262575693824,1414082515000,37.4198383,-122.0960826
stanford,525325233255763970,1414082270000,46.8672552,-96.881079
stanford,525321579862196224,1414081399000,37.42893314,-122.16981411
stanford,525320932080906240,1414081244000,33.70785512,-117.99996589
stanford,525308902758703104,1414078376000,37.42893314,-122.16981411
stanford,525282804633202689,1414072154000,37.42893314,-122.16981411
stanford,525278948809113600,1414071235000,30.37538465,-94.33369738
stanford,525274402603020288,1414070151000,37.42929936,-122.16670274