tuck,527277759702503427,1414547788000,32.75160683,-97.27971023
tuck,527277605360533504,1414547752000,37.84842862,-122.03159745
tuck,527268642677723136,1414545615000,40.1069059,-88.31456775
tuck,527268446317608960,1414545568000,42.38487242,-71.11950251
tuck,527267161375793155,1414545262000,42.31943197,-71.23910032
tuck,527264939019632640,1414544732000,42.09403292,-75.99135452
tuck,527264680742768640,1414544670000,39.00639266,-77.38397206
tuck,527259828629274624,1414543513000,33.6409425,-84.44414591
tuck,527253744426434561,1414542063000,39.9580053,-82.8264001
tuck,527249732050362368,1414541106000,40.79225221,-81.53817457
tuck,527249554136395777,1414541064000,40.82754132,-81.473768
tuck,527249084764401665,1414540952000,38.87095446,-90.94876824
tuck,527246651271180289,1414540372000,-33.9290448,18.8694478
tuck,527241014244044800,1414539028000,40.81233676,-73.93472536
tuck,527240758844477440,1414538967000,40.81224725,-73.93495536
tuck,527240659070365696,1414538943000,39.16387021,-84.47172213
tuck,527239375894364160,1414538637000,40.81233305,-73.93480479
tuck,527231090076188673,1414536662000,40.79235456,-81.53810716
tuck,527229834703806464,1414536362000,32.7143122,-117.16627197
tuck,527229196607963136,1414536210000,40.79218381,-81.53809757
tuck,527227129986297856,1414535717000,39.91160579,-86.08492761
tuck,527226198339096576,1414535495000,40.86372314,-77.05536776
tuck,527226138255708161,1414535481000,40.7922345,-81.53797922
tuck,527225345288994816,1414535292000,40.79248598,-81.53805845
tuck,527225170856247296,1414535250000,41.44893686,-81.56454368
tuck,527223065479241730,1414534748000,40.76430502,-81.48163886
tuck,527222114454343681,1414534522000,40.78265138,-81.40869071
tuck,527220128258473985,1414534048000,29.61734056,-82.37353425
tuck,527212379420237824,1414532201000,32.5860256,-88.18727698
tuck,527209116927025152,1414531423000,40.83304027,-81.34405855
tuck,527208938149003265,1414531380000,43.6877704,-85.4871917
tuck,527208842846011392,1414531357000,32.58587238,-88.18724765
tuck,527206083254046722,1414530699000,32.21853888,-98.22279731
tuck,527201865378037761,1414529694000,32.5880046,-88.18651732
tuck,527201619256291328,1414529635000,51.3680977,-0.0082124
tuck,527201091872903168,1414529509000,51.3680981,-0.0082142
tuck,527201027565838338,1414529494000,51.3680977,-0.0082121
tuck,527200852600455168,1414529452000,51.368095,-0.0082113
tuck,527200703220305920,1414529417000,51.3680942,-0.0082105
tuck,527200587738513408,1414529389000,51.3680975,-0.0082349
tuck,527200330673840128,1414529328000,51.368098,-0.0082127
tuck,527200223119282176,1414529302000,51.368098,-0.0082196
tuck,527200035835240448,1414529258000,51.3680963,-0.0082165
tuck,527199572624687104,1414529147000,51.3680961,-0.0082126
tuck,527199419096387587,1414529111000,51.3680961,-0.0082123
tuck,527199322220552192,1414529088000,51.3680961,-0.0082126
tuck,527199232894447617,1414529066000,51.3680961,-0.0082129
tuck,527199142125514752,1414529045000,51.3680961,-0.0082129
tuck,527199067701792768,1414529027000,51.3680961,-0.0082129
tuck,527198982876172289,1414529007000,51.3680975,-0.0082246
tuck,527198877955657728,1414528982000,51.3680975,-0.0082246
tuck,527198791292973056,1414528961000,51.3680972,-0.0082183
tuck,527198684686352384,1414528935000,51.3680972,-0.0082183
tuck,527198601089650688,1414528916000,51.3680972,-0.0082208
tuck,527198523100762112,1414528897000,51.3680972,-0.0082238
tuck,527198367689240576,1414528860000,51.3680972,-0.0082238
tuck,527198307505160192,1414528846000,51.3680972,-0.0082238
tuck,527198243713998848,1414528830000,51.3680957,-0.0082009
tuck,527198162256396288,1414528811000,51.3680957,-0.0082009
tuck,527198065804193792,1414528788000,51.3680972,-0.0082049
tuck,527197908970766338,1414528751000,51.3680972,-0.0082049
tuck,527197831153868802,1414528732000,51.3680984,-0.0082127
tuck,527197735725051904,1414528709000,51.3680984,-0.0082127
tuck,527197663457198081,1414528692000,51.368102,-0.0081485
tuck,527197505600360448,1414528654000,51.3681019,-0.0081507
tuck,527197424469946368,1414528635000,51.3681022,-0.0081488
tuck,527197353875611648,1414528618000,51.3681025,-0.008149
tuck,527197216273092608,1414528585000,51.368102,-0.0081509
tuck,527197090532048896,1414528555000,51.3681021,-0.0081502
tuck,527196996697063424,1414528533000,51.3680964,-0.0082084
tuck,527196898906886145,1414528510000,51.3680964,-0.0082084
tuck,527196816589488128,1414528490000,51.3680959,-0.0082078
tuck,527196737845616641,1414528471000,51.3680961,-0.0082185
tuck,527196603804053505,1414528439000,51.3680961,-0.0082185
tuck,527196488808792064,1414528412000,51.3680958,-0.0082142
tuck,527196393979781120,1414528389000,51.3680958,-0.0082142
tuck,527196299775705090,1414528367000,51.368089,-0.008211
tuck,527196168124891136,1414528335000,51.3680958,-0.0082142
tuck,527196057231691776,1414528309000,51.3680982,-0.008211
tuck,527195923714408449,1414528277000,51.3680984,-0.008209
tuck,527195763265536000,1414528239000,51.3681016,-0.0081516
tuck,527195474584150018,1414528170000,51.3680966,-0.008237
tuck,527195404275040256,1414528153000,51.3680966,-0.008237
tuck,527195327276019712,1414528135000,51.3680978,-0.008253
tuck,527195237555662848,1414528114000,51.3680978,-0.008253
tuck,527195166063726593,1414528097000,51.3680983,-0.0082517
tuck,527195075265454081,1414528075000,51.3680991,-0.0082076
tuck,527194901331849216,1414528033000,51.3681,-0.0081921
tuck,527194637543673857,1414527971000,51.3680968,-0.0082534
tuck,527194596691161089,1414527961000,29.77797865,-95.9550724
tuck,527194530144337920,1414527945000,51.3680971,-0.0082505
tuck,527194432026996736,1414527922000,51.3680975,-0.008236
tuck,527194283594747905,1414527886000,51.3680975,-0.008236
tuck,527194213411454976,1414527869000,51.3680982,-0.0082376
tuck,527194127386279936,1414527849000,51.3680982,-0.0082376
tuck,527193994988904448,1414527817000,51.3680967,-0.008239
tuck,527193880673132545,1414527790000,51.368097,-0.0082415
tuck,527193613546295296,1414527726000,51.368097,-0.0082415
tuck,527193517056335872,1414527703000,51.3680974,-0.0082323
tuck,527193371144912896,1414527669000,51.3680974,-0.0082323
tuck,527193258225852416,1414527642000,51.3680967,-0.0082501
tuck,527193118106746881,1414527608000,51.3680963,-0.0082313
tuck,527193028654825472,1414527587000,53.0546232,-3.0010487
tuck,527192867979399168,1414527549000,51.368096,-0.0082559
tuck,527192543000543233,1414527471000,51.3680966,-0.008237
tuck,527192119631691776,1414527370000,51.368097,-0.0082674
tuck,527191054035193857,1414527116000,40.55486003,-74.21454515
tuck,527190863873445888,1414527071000,29.8812523,-95.4595356
tuck,527186956829347841,1414526139000,42.02319,-91.68933
tuck,527180154611965952,1414524518000,53.12206888,-1.26319453
tuck,527169813412868096,1414522052000,30.2107892,-95.751742
tuck,527168879332585472,1414521829000,41.75424844,-86.17832175
tuck,527167038238650368,1414521390000,32.78226334,-96.79956164
tuck,527165485138595840,1414521020000,42.97038094,-85.66479104
tuck,527165048582836225,1414520916000,51.36776,7.826E-4
tuck,527164338638163970,1414520747000,42.02902096,-70.95368358
tuck,527163642324983809,1414520581000,36.03168916,-89.23568593
tuck,527163538444275713,1414520556000,47.74542868,-122.35337494
tuck,527163471407104002,1414520540000,39.92060001,-86.15656629
tuck,527155349078671360,1414518603000,43.6820757,-85.4827862
tuck,527153610766159873,1414518189000,51.96831096,1.02629288
tuck,527152605156626433,1414517949000,40.7654538,-73.9789826
tuck,527149205325107201,1414517139000,39.94648956,-76.7299281
tuck,527147244449849344,1414516671000,34.0877917,-118.17153236
tuck,527143949811458048,1414515886000,39.51383552,-122.20484372
tuck,527143009952219136,1414515662000,42.24712873,-83.62103767
tuck,527142165621665792,1414515460000,30.5915733,-96.316408
tuck,527141155582926850,1414515219000,19.0236693,73.08696195
tuck,527141039920799744,1414515192000,30.5915652,-96.3164068
tuck,527138738288472064,1414514643000,40.83266621,-81.3440508
tuck,527137899733868544,1414514443000,53.3392769,-6.4132999
tuck,527134463277285378,1414513624000,38.39785339,-90.42818083
tuck,527133384238456832,1414513367000,32.80343701,-79.89756454
tuck,527133195436048384,1414513322000,42.3419807,-83.02445915
tuck,527132368210231297,1414513124000,32.8072457,-96.6095531
tuck,527131720643248128,1414512970000,32.8072351,-96.6095458
tuck,527131625654853633,1414512947000,29.89327928,-81.31494362
tuck,527130098194210817,1414512583000,55.12504164,-1.53434887
tuck,527128805140619264,1414512275000,38.9450876,-76.9453051
tuck,527124379654979585,1414511220000,32.4011775,-81.7810864
tuck,527123887973482496,1414511103000,40.83284577,-81.34428696
tuck,527110977301790720,1414508024000,49.2600878,6.1572118
tuck,527110673428668416,1414507952000,34.6773418,-82.8395945
tuck,527106819215613954,1414507033000,42.55267258,-82.91612124
tuck,527106731969507330,1414507012000,39.5447711,-119.8082641
tuck,527105876105375744,1414506808000,40.27994112,-75.79703711
tuck,527103635604652032,1414506274000,27.9253167,-82.7806408
tuck,527099055843725312,1414505182000,38.39789978,-90.42823093
tuck,527098098502598656,1414504954000,40.166148,-74.908898
tuck,527095420929847296,1414504315000,38.39788553,-90.42823808
tuck,527095353078988800,1414504299000,51.6726152,-4.04973474
tuck,527094336102862848,1414504057000,32.5879922,-88.18649357
tuck,527084056505483264,1414501606000,51.51206816,-0.1041005
tuck,527083109255086081,1414501380000,1.37781259,103.73662725
tuck,527079619875581952,1414500548000,39.76756383,-86.15808
tuck,527079324151975936,1414500478000,41.0405356,-73.9381124
tuck,527075929147711490,1414499668000,38.3982856,-90.42728081
tuck,527071193699201024,1414498539000,-33.91140678,18.42556164
tuck,527062930236272640,1414496569000,-36.9545295,174.7995895
tuck,527062824468881409,1414496544000,35.246835,-80.797812
tuck,527055881905897472,1414494889000,51.3409807,0.75966253
tuck,527032508299231232,1414489316000,14.7714904,120.9384987
tuck,527007691470671872,1414483399000,45.6114174,-122.6756255
tuck,527003516070416385,1414482404000,37.58738108,-122.00398318
tuck,527002790917185536,1414482231000,-33.88395282,151.20427123
tuck,526999872340107264,1414481535000,37.58729797,-122.00400328
tuck,526985592912224256,1414478130000,35.20129774,-87.03603472
tuck,526977301008109568,1414476153000,41.6593179,-86.2197787
tuck,526972581472382977,1414475028000,45.6957065,-122.6518539
tuck,526971929362583552,1414474873000,-38.1449059,144.36085261
tuck,526968767172337664,1414474119000,40.79551342,-81.52620935
tuck,526968374967156736,1414474025000,43.2116309,-77.94834512
tuck,526968166707376128,1414473976000,40.79578303,-81.52601849
tuck,526966739574460416,1414473635000,36.2956348,-80.3540199
tuck,526965934729474048,1414473444000,32.94180416,-111.7529408
tuck,526963282146770944,1414472811000,34.76901092,-106.05655114
tuck,526962523975979008,1414472630000,35.1837772,-80.7801847
tuck,526960911441866752,1414472246000,28.65968269,-81.36655197
tuck,526960815467802625,1414472223000,32.70086593,-97.25904658
tuck,526960516007473153,1414472152000,35.1837884,-80.7801674
tuck,526960263505776641,1414472091000,38.43127482,-90.30586696
tuck,526958543019073536,1414471681000,40.99866972,-111.93316497
tuck,526956938689777664,1414471299000,33.4879542,-112.3642703
tuck,526956543489875968,1414471205000,40.61798348,-79.17621735
tuck,526954014332952576,1414470602000,34.7603997,-96.7089346
tuck,526952164846239745,1414470161000,33.0161338,-96.5513549
tuck,526944252845379585,1414468274000,37.69911176,-97.47651296
tuck,526943266998988800,1414468039000,42.94697511,-87.99636338
tuck,526943111478771712,1414468002000,38.19737919,-85.73076848
tuck,526942700012965890,1414467904000,35.19557157,-97.42294461
tuck,526941909764558848,1414467716000,40.79221922,-81.53800114
tuck,526941656088854528,1414467655000,42.9968254,-71.4815734
tuck,526936545031241728,1414466437000,34.67436496,-118.10726163
tuck,526936006990512128,1414466308000,40.6902935,-89.6148465
tuck,526935790593388544,1414466257000,37.89520954,-122.10137463
tuck,526935719152218112,1414466240000,41.71551469,-72.20924365
tuck,526934682198638592,1414465992000,40.79220714,-81.53820072
tuck,526934185273868288,1414465874000,38.9426458,-95.2593921
tuck,526933571949563905,1414465728000,37.27263927,-76.71809715
tuck,526932391055880192,1414465446000,40.7922205,-81.53819095
tuck,526931564908019712,1414465249000,33.8359943,-117.8659507
tuck,526929170719199233,1414464678000,38.43127758,-90.30589018
tuck,526923833832640512,1414463406000,43.7043393,-85.4953295
tuck,526922515701329920,1414463092000,33.74428187,-118.02084932
tuck,526919702275039232,1414462421000,38.43145457,-90.30602875
tuck,526919331792564224,1414462333000,42.82309856,-71.27811299
tuck,526918379894874112,1414462106000,38.4313451,-90.3058051
tuck,526913827569676288,1414461020000,40.79976079,-81.50320203
tuck,526912670684164096,1414460744000,40.7776273,-75.0158739
tuck,526911252409229313,1414460406000,36.70813569,-119.71838362
tuck,526911182364344320,1414460390000,37.89514413,-122.10126421
tuck,526907672491491328,1414459553000,32.76432301,-97.49223984
tuck,526907659857833984,1414459550000,38.43128791,-90.30607393
tuck,526906504624889857,1414459274000,38.43143005,-90.30589219
tuck,526906192056967168,1414459200000,38.43136014,-90.30608373
tuck,526903318371901440,1414458515000,39.8756872,-86.14080657
tuck,526902197767110657,1414458247000,33.9737879,-80.8976756
tuck,526901350727049218,1414458046000,32.894245,-97.28893
tuck,526901342460080128,1414458044000,32.7604576,-96.8198662
tuck,526901106958270464,1414457987000,37.3447428,-121.8246593
tuck,526899377676484608,1414457575000,44.05996457,-75.78856867
tuck,526898573787418625,1414457383000,32.7604256,-96.8198458
tuck,526895885351809025,1414456742000,32.7850435,-96.78521214
tuck,526895796742942720,1414456721000,32.78507941,-96.78511919
tuck,526892764718702592,1414455998000,34.738087,-86.604256
tuck,526892016039624704,1414455820000,32.74530079,-96.79033617
tuck,526891293423960064,1414455648000,33.12858748,-96.65785875
tuck,526891188054261760,1414455623000,32.49405089,-88.29698319
tuck,526890821379842049,1414455535000,32.49406359,-88.29697682
tuck,526890494400274432,1414455457000,32.49402122,-88.29723611
tuck,526889885496385536,1414455312000,32.49405974,-88.2970311
tuck,526887608912445440,1414454769000,38.45613194,-90.30665048
tuck,526886658302808065,1414454543000,40.71869616,-73.81372813
tuck,526880731449286656,1414453130000,25.06301651,-77.35380751
tuck,526879725973938177,1414452890000,34.50479067,-79.03917348
tuck,526873607566524416,1414451431000,40.79240519,-81.5376534
tuck,526871438901256193,1414450914000,32.4940884,-88.2967987
tuck,526869944118829056,1414450558000,40.79240686,-81.53824529
tuck,526869451443286017,1414450440000,40.1224762,-85.58278536
tuck,526868437088632832,1414450198000,50.8652102,-1.2093247
tuck,526868362274820096,1414450180000,40.70424011,-73.33328094
tuck,526866361025585153,1414449703000,39.90174517,-74.80065522
tuck,526865634312093696,1414449530000,40.79234325,-81.53830864
tuck,526859495432265728,1414448066000,53.39821314,-2.97537898
tuck,526851830253641729,1414446239000,30.6013193,-96.3352591
tuck,526849871358484483,1414445772000,40.83274907,-81.34421375
tuck,526846521443381248,1414444973000,55.4966321,-4.6052379
tuck,526845061485854721,1414444625000,39.97748303,-75.45640186
tuck,526842985515089922,1414444130000,33.57472801,-101.87188813
tuck,526839835634704385,1414443379000,40.71957604,-73.34892916
tuck,526837140052017152,1414442737000,28.3869771,-81.4932956
tuck,526826351697735680,1414440164000,32.78138889,-79.94722222
tuck,526824233486548992,1414439659000,53.703385,-1.8536865
tuck,526819641000079360,1414438564000,37.72237387,-122.47591832
tuck,526815679916560384,1414437620000,40.8148,-96.7054
tuck,526809452620836864,1414436135000,32.39165572,-88.36222742
tuck,526808950394851328,1414436016000,32.39176082,-88.36219228
tuck,526807528815214592,1414435677000,40.2825756,-74.00669648
tuck,526805320006664192,1414435150000,36.11868108,-115.17018454
tuck,526805295616753665,1414435144000,51.75292137,-0.55437012
tuck,526803696190230528,1414434763000,53.28902146,-3.85670031
tuck,526803662287671296,1414434755000,39.92057314,-86.15858107
tuck,526796238126321664,1414432985000,40.07363616,-80.8725283
tuck,526793416798380032,1414432312000,29.4816077,-98.54235
tuck,526792371447406592,1414432063000,33.98211468,-118.45237333
tuck,526792108225884160,1414432000000,42.18348934,-88.18680538
tuck,526790272832008192,1414431562000,53.6034225,-2.2892365
tuck,526782024309571584,1414429596000,53.6749821,-1.2921893
tuck,526781036382789632,1414429360000,40.71732987,-73.98412493
tuck,526780569544556545,1414429249000,34.13043522,-117.44977274
tuck,526780031578951680,1414429121000,40.85099439,-73.83122823
tuck,526778437592436736,1414428741000,43.51414657,-83.96158039
tuck,526767030087987202,1414426021000,39.1156118,-95.062502
tuck,526759940577185792,1414424331000,33.9445358,-118.1352237
tuck,526757063402455041,1414423645000,45.40099042,-122.6106873
tuck,526755902448500736,1414423368000,32.42908,-103.21095924
tuck,526749988580519937,1414421958000,30.68018368,-87.102605
tuck,526748627570806785,1414421633000,40.04586075,-76.31971537
tuck,526748237764362240,1414421541000,10.65129973,122.23130996
tuck,526735394574848001,1414418479000,30.5920084,-96.3158669
tuck,526735269433585666,1414418449000,30.5920176,-96.3157917
tuck,526729292189671424,1414417024000,3.11080866,101.52274411
tuck,526726740375511040,1414416415000,40.79200012,-81.53860214
tuck,526724693097992192,1414415927000,31.5670162,-84.1401181
tuck,526717706310254592,1414414261000,42.1651571,-71.0709581
tuck,526717193665675264,1414414139000,32.745383,-96.7906713
tuck,526713996796526592,1414413377000,51.26662864,-2.18901355
tuck,526709266552745984,1414412249000,35.48161535,-80.58553121
tuck,526699951129370625,1414410028000,51.41364611,0.20403855
tuck,526691445366079489,1414408000000,42.59185566,-70.74689002
tuck,526689012279693313,1414407420000,14.0398053,-60.9686821
tuck,526688873922183168,1414407387000,54.99066288,-1.59879284
tuck,526688407230377984,1414407276000,51.40690443,-3.26259856
tuck,526677770982543360,1414404740000,64.75026294,-147.28526725
tuck,526631775880359936,1414393774000,32.74522233,-96.7905411
tuck,526630452132474881,1414393458000,37.01620856,-121.59094026
tuck,526629652370952192,1414393268000,34.79506818,-106.73357584
tuck,526623295257337856,1414391752000,53.30842251,-113.58430595
tuck,526619827038064640,1414390925000,33.6221799,-112.1751998
tuck,526616791125352448,1414390201000,41.34820951,-72.10469964
tuck,526615762921074688,1414389956000,35.37932961,-97.42269212
tuck,526606106278518784,1414387654000,3.10367707,101.68269428
tuck,526600015763238912,1414386202000,35.03736763,-79.06268932
tuck,526592068299522049,1414384307000,37.10809529,-94.58172384
tuck,526591135146196992,1414384084000,7.0096186,125.4972369
tuck,526587183592124416,1414383142000,42.2992596,-83.7105006
tuck,526583295614939136,1414382215000,40.54538442,-74.27317254
tuck,526582343784759296,1414381988000,42.21414481,-88.34246172
tuck,526580017463971840,1414381434000,42.27715233,-89.04173855
tuck,526579116771127296,1414381219000,40.75494866,-73.98599068
tuck,526576948232069120,1414380702000,43.6820556,-85.48282
tuck,526572040879632384,1414379532000,43.6820491,-85.4828955
tuck,526571582257254400,1414379423000,3.08803384,101.69161395
tuck,526568907772264448,1414378785000,31.9285888,-88.34083957
tuck,526568791917203458,1414378757000,31.92854165,-88.34073194
tuck,526568755275395072,1414378749000,32.74518779,-96.7905594
tuck,526568135030484993,1414378601000,42.5648973,-87.8368276
tuck,526568118244487168,1414378597000,6.4360086,100.1889194
tuck,526564522967171072,1414377740000,32.74513818,-96.79044588
tuck,526561321287176193,1414376976000,41.49772218,-87.66525423
tuck,526560031253487617,1414376669000,35.1767513,-93.19085056
tuck,526558872798908416,1414376392000,38.82551805,-90.31249118
tuck,526558753349722112,1414376364000,30.45696239,-88.86900818
tuck,526558299572150272,1414376256000,32.745071,-96.79060883
tuck,526558032336285697,1414376192000,42.9047694,-78.8615305
tuck,526554810800418817,1414375424000,40.02739858,-81.58528153
tuck,526552036050235392,1414374762000,40.40696269,-105.07368961
tuck,526550514834894848,1414374400000,35.10840186,-81.64108462
tuck,526548225298149377,1414373854000,29.5599964,-95.3955074
tuck,526547171731316736,1414373603000,33.291439,-111.70574537
tuck,526544895167954945,1414373060000,32.72302241,-97.42361951
tuck,526543614802165760,1414372755000,33.4157358,-111.5295626
tuck,526540124067495937,1414371922000,42.6951306,-84.5695578
tuck,526538789049892864,1414371604000,30.5961398,-96.3291194
tuck,526537312943869952,1414371252000,40.73502833,-73.98625333
tuck,526536124253339648,1414370969000,39.21856328,-76.84038937
tuck,526531981795164160,1414369981000,45.4084564,-75.6966431
tuck,526530931872784385,1414369731000,40.4019293,-80.0849748
tuck,526528799278899200,1414369222000,40.80377062,-81.50984145
tuck,526524610389762048,1414368224000,40.3681003,-76.3025935
tuck,526519426083192832,1414366988000,36.41414233,-89.05238804
tuck,526519116132532224,1414366914000,55.76722774,12.54493606
tuck,526510907690860544,1414364957000,36.3431068,-76.6365832
tuck,526508347047305216,1414364346000,33.9740961,-81.962131
tuck,526507373561925632,1414364114000,30.6011735,-96.3352262
tuck,526506190529122304,1414363832000,26.04047962,-80.38580367
tuck,526503973415813121,1414363303000,53.79136002,-2.76192804
tuck,526502547734151168,1414362963000,33.6343843,-86.6232331
tuck,526498053264793600,1414361892000,49.9938048,-125.2447854
tuck,526495631951806465,1414361315000,40.97064023,-81.52514604
tuck,526492560462970880,1414360582000,34.82245343,-92.20091482
tuck,526490390531420160,1414360065000,40.72999717,-73.9910488
tuck,526487930500837378,1414359478000,51.53064557,-2.42026784
tuck,526487202994597888,1414359305000,36.13785056,-94.14124655
tuck,526486888132411393,1414359230000,40.05080471,-75.63466021
tuck,526481978657624064,1414358059000,52.3931823,0.6559719
tuck,526480792663629824,1414357777000,40.9708546,-81.52502183
tuck,526479516517269504,1414357472000,-34.00033909,25.65065813
tuck,526477975546769409,1414357105000,53.49075951,-113.57792936
tuck,526471168635961344,1414355482000,40.97075062,-81.52484611
tuck,526470961785491456,1414355433000,40.97064998,-81.52488936
tuck,526470898623447040,1414355418000,50.9300942,-1.43635745
tuck,526470365510651905,1414355291000,40.9707935,-81.52489124
tuck,526470085192740864,1414355224000,51.1399891,0.8501127
tuck,526469817591922688,1414355160000,37.86955818,-85.70420044
tuck,526466724217229312,1414354422000,41.54059866,-87.47110309
tuck,526465358312394752,1414354097000,32.72822413,-97.81602622
tuck,526464936806207488,1414353996000,37.66954384,-97.44703615
tuck,526462941907144704,1414353521000,34.04122114,-117.73535468
tuck,526459134485725184,1414352613000,51.55214098,-0.11888183
tuck,526458950280282112,1414352569000,39.20890308,-76.88856054
tuck,526458925890416640,1414352563000,39.6416182,-74.8203543
tuck,526458853358329856,1414352546000,39.4932177,-76.3370241
tuck,526458847205265408,1414352544000,39.3253966,-76.6030225
tuck,526458053273853952,1414352355000,39.26932269,-76.59195128
tuck,526457704730996736,1414352272000,39.9946065,-83.1634931
tuck,526455148688969729,1414351663000,37.10049769,-1.85178625
tuck,526454033956233216,1414351397000,50.92804771,-1.37442059
tuck,526452985652453376,1414351147000,40.89045402,-73.90247713
tuck,526450296504221696,1414350506000,40.61984954,-74.42552076
tuck,526441063603376128,1414348305000,38.41955733,-121.44028528
tuck,526436717180776448,1414347268000,39.40608496,-76.49523846
tuck,526436580291256321,1414347236000,39.4932177,-76.3370241
tuck,526435748510064640,1414347037000,38.72575345,-90.46085506
tuck,526432615692517376,1414346290000,33.9741555,-81.9619759
tuck,526430972213227520,1414345899000,30.4182584,-86.67839811
tuck,526430224821809153,1414345720000,35.89045228,-83.60487525
tuck,526428725387489280,1414345363000,33.6403583,-86.717826
tuck,526427461740163072,1414345062000,38.8989579,-77.0076124
tuck,526427113868787713,1414344979000,35.90190984,-78.44261134
tuck,526422110239854592,1414343786000,3.23251964,101.69785925
tuck,526413582603649024,1414341753000,51.60296429,-2.51131978
tuck,526412993723392000,1414341612000,51.12074651,1.291745
tuck,526410002832310272,1414340899000,41.23629335,-111.95043679
tuck,526408014757376001,1414340425000,51.60308403,-2.51098073
tuck,526404407010017280,1414339565000,51.35277886,-2.91477773
tuck,526402781037727744,1414339177000,31.70162587,-89.15255785
tuck,526393397213687808,1414336940000,35.6457202,-97.48088538
tuck,526368557035429888,1414331018000,34.0902866,-118.31259
tuck,526363921964625920,1414329913000,36.38300888,-82.42866584
tuck,526342114675011584,1414324713000,51.66876068,-0.09623506
tuck,526339753432875008,1414324150000,38.3785788,-75.5805819
tuck,526322131206815744,1414319949000,14.6312381,121.1128531
tuck,526320291782205441,1414319510000,19.1562756,72.8810007
tuck,526315344588443651,1414318331000,52.34556955,0.50318863
tuck,526309563419856896,1414316952000,51.8801375,0.8371136
tuck,526300247450861569,1414314731000,-33.8936515,151.2618115
tuck,526293386094211072,1414313095000,33.90667136,-118.12540049
tuck,526291543058284544,1414312656000,41.65226736,-80.14567188
tuck,526291047526457344,1414312538000,45.07803048,-85.26049946
tuck,526290715249479681,1414312459000,51.45840773,-0.31415357
tuck,526276368762667008,1414309038000,55.92803991,-3.28185556
tuck,526266813488054272,1414306760000,36.20825151,-115.26174636
tuck,526263638256934912,1414306003000,40.72332519,-73.98896166
tuck,526263006611517440,1414305852000,33.6957505,-117.3489211
tuck,526260478285058049,1414305250000,40.72332519,-73.98896166
tuck,526259749956771840,1414305076000,37.11344333,-113.52697265
tuck,526254105623150592,1414303730000,32.8142511,-96.641003
tuck,526253786579230723,1414303654000,55.62871231,12.65033043
tuck,526246579477684224,1414301936000,36.09196474,-115.17390443
tuck,526245190676148224,1414301605000,1.35374938,103.87714763
tuck,526242613339631616,1414300990000,37.73301036,-87.13393821
tuck,526241420089098241,1414300706000,34.0852186,-117.5932999
tuck,526240697431904257,1414300534000,36.09195948,-115.17389849
tuck,526238688364068864,1414300055000,34.2737168,-119.2734111
tuck,526238126004797440,1414299920000,34.6989058,-82.8011681
tuck,526237248963227648,1414299711000,49.49043179,-119.59298959
tuck,526236817763631104,1414299609000,30.0522499,-81.7087914
tuck,526232685916987392,1414298623000,39.96113833,-76.70928
tuck,526231919412142081,1414298441000,39.96113833,-76.70928
tuck,526229602755026944,1414297888000,14.60891753,121.121651
tuck,526224377718009856,1414296643000,-31.94675537,115.86210871
tuck,526203322156326913,1414291623000,30.06642708,-95.51664624
tuck,526201763821387777,1414291251000,31.2906219,-85.7340519
tuck,526198570849173505,1414290490000,39.95422861,-75.5984824
tuck,526189257648394240,1414288269000,-36.77484638,174.68031695
tuck,526189073959247873,1414288226000,38.50257184,-90.45267105
tuck,526186296851443713,1414287563000,29.7339374,-95.6337789
tuck,526185494070452225,1414287372000,40.80019583,-81.502994
tuck,526184205173420033,1414287065000,40.79979354,-81.50255305
tuck,526180140083318784,1414286096000,41.81205526,-88.284822
tuck,526178379440357376,1414285676000,36.43254903,-82.53088357
tuck,526178196501196801,1414285632000,30.0324352,-90.245087
tuck,526172679112777728,1414284317000,42.03803411,-88.27038221
tuck,526171611351625728,1414284062000,42.4924717,-94.2002574
tuck,526165083798650881,1414282506000,40.79203725,-81.53821596
tuck,526164680323366912,1414282410000,40.79215397,-81.53815722
tuck,526164216122974208,1414282299000,40.79233067,-81.53827664
tuck,526160390452150272,1414281387000,40.79233792,-81.5379971
tuck,526155520336756736,1414280226000,33.9509542,-83.38074559
tuck,526150746786766848,1414279088000,-31.94675537,115.86210871
tuck,526149408564736000,1414278769000,36.9769089,-86.42729029
tuck,526149281020141568,1414278738000,28.5204944,-98.1805253
tuck,526148175111786496,1414278474000,31.8113109,-106.5128844
tuck,526147589042106368,1414278335000,41.70821163,-83.67570461
tuck,526143837660786688,1414277440000,26.51139792,-81.91747826
tuck,526139212085870592,1414276338000,43.62902734,-70.34087693
tuck,526138850020954112,1414276251000,51.407411,-1.2685486
tuck,526138812632952832,1414276242000,36.97718678,-86.4274664
tuck,526134447520108544,1414275202000,41.9177342,-91.3846724
tuck,526133918085701633,1414275075000,34.36219044,-89.5520892
tuck,526130283037601792,1414274209000,51.3775563,-0.2953332
tuck,526128156437393410,1414273702000,30.44786072,-84.28065491
tuck,526118101726011393,1414271304000,56.1130476,-3.97110041
tuck,526114869926309889,1414270534000,33.425358,-111.7236069
tuck,526114162108145666,1414270365000,45.33336302,-122.58319848
tuck,526114040603353089,1414270336000,1.4449513,103.7937752
tuck,526112711529484288,1414270019000,42.6824777,-83.3762318
tuck,526109130504028161,1414269166000,52.25484425,0.02262521
tuck,526108960534052864,1414269125000,34.0149689,-117.920236
tuck,526105431257939970,1414268284000,39.22622349,-84.35512476
tuck,526082632514564096,1414262848000,42.4648145,-75.0578343
tuck,526080991556034560,1414262457000,30.0522499,-81.7087914
tuck,526078103727374337,1414261768000,32.211232,-110.8098658
tuck,526069961631219712,1414259827000,32.96312663,-80.16647324
tuck,526069400101998592,1414259693000,34.16451291,-83.59357338
tuck,526068915550834691,1414259578000,32.5226935,-96.8010816
tuck,526066718389846016,1414259054000,30.83720871,-82.01246827
tuck,526066122249224192,1414258912000,38.20779834,-76.39821847
tuck,526065354548998144,1414258729000,51.54179848,0.72670319
tuck,526065195987501056,1414258691000,49.8974517,-97.0587258
tuck,526060354238160898,1414257536000,43.58020137,-84.77139512
tuck,526058585101725698,1414257115000,41.9415615,-83.4053918
tuck,526057739647475731,1414256913000,38.73384247,-77.52076413
tuck,526055642814226434,1414256413000,41.8759288,-87.7104982
tuck,526055348956712960,1414256343000,40.7562863,-111.9029499
tuck,526052700224774145,1414255711000,41.66384872,-91.53050682
tuck,526049424737591297,1414254931000,38.07725248,-85.70053839
tuck,526048731435921408,1414254765000,29.8216672,-94.9011079
tuck,526044734935269377,1414253812000,50.39511914,-4.14497945
tuck,526044508585492481,1414253758000,41.77242509,-88.14785349
tuck,526039443128733696,1414252551000,39.8563291,-75.0339019
tuck,526038906085842944,1414252423000,40.83331076,-81.34414363
tuck,526038087319580672,1414252227000,5.9108667,116.0976928
tuck,526037173850865664,1414252010000,39.85347436,-85.19661066
tuck,526033256387710976,1414251076000,40.06137587,-75.12178497
tuck,526029951104212992,1414250288000,36.2857154,-94.593752
tuck,526028071942381569,1414249840000,1.332907,103.8694765
tuck,526026826649317376,1414249543000,32.70092138,-97.25894004
tuck,526026719962988544,1414249517000,32.70094589,-97.2589123
tuck,526026493722234880,1414249463000,32.69980821,-97.26016838
tuck,526022485956132864,1414248508000,25.77773557,-80.23603105
tuck,526021543873482752,1414248283000,52.0661402,-0.7788035
tuck,526017378782834688,1414247290000,39.62657997,-86.07427505
tuck,526016199621349377,1414247009000,42.44393918,-73.23766675
tuck,526013842355388416,1414246447000,34.7797709,-84.9855633
tuck,526000316786171904,1414243222000,38.81350986,-97.61109167
tuck,525997766808723457,1414242614000,45.5073119,-73.64283983
tuck,525994704752902144,1414241884000,38.54034403,-81.92646734
tuck,525994358429220864,1414241802000,45.69895342,13.83457737
tuck,525983288213520384,1414239162000,16.40179991,120.59425637
tuck,525968979509411840,1414235751000,51.50865476,-0.25267602
tuck,525963811510308864,1414234519000,33.6410422,73.0760945
tuck,525957316219506688,1414232970000,54.62730973,-5.94133629
tuck,525921380492410880,1414224402000,34.69505124,-76.81807115
tuck,525897666040188928,1414218748000,34.17559179,-118.29990647
tuck,525877959400239107,1414214050000,43.594676,-71.743816
tuck,525871015167926274,1414212394000,37.24210965,-80.4266989
tuck,525870541199405056,1414212281000,39.19407895,-76.72263576
tuck,525862292949594112,1414210315000,34.7714312,-87.427891
tuck,525862155355430913,1414210282000,34.55871121,-87.03391931
tuck,525859324196052993,1414209607000,32.86519595,-116.91983856
tuck,525849932150738944,1414207368000,-6.9011233,107.6287233
tuck,525849251268407296,1414207205000,37.72840759,-84.31042491
tuck,525845826694676481,1414206389000,43.70498957,-72.29500036
tuck,525844918577532928,1414206172000,34.1930398,-118.4734321
tuck,525844643393437696,1414206107000,40.79731413,-81.52031648
tuck,525844350538743808,1414206037000,45.5248699,-122.6739626
tuck,525843735943204865,1414205891000,33.94411633,-84.43287763
tuck,525843641403596802,1414205868000,35.3134,-83.1768
tuck,525842676495556610,1414205638000,41.56643257,-81.39519772
tuck,525837146121191424,1414204319000,36.21836792,-86.4890466
tuck,525836936015933440,1414204269000,41.5269509,-73.0660481
tuck,525833201143402496,1414203379000,42.88481729,-72.54388523
tuck,525833132386185217,1414203362000,40.14412546,-74.2171439
tuck,525824565537017857,1414201320000,42.1578907,-88.2671522
tuck,525823891605045248,1414201159000,39.84706954,-86.15932773
tuck,525822832190955522,1414200907000,43.7830151,-85.5274507
tuck,525820306888613888,1414200305000,40.80373844,-72.77444493
tuck,525816408555675648,1414199375000,40.26248253,-78.83521965
tuck,525814246224183296,1414198860000,35.3134,-83.1768
tuck,525812967380881408,1414198555000,-37.87994537,145.02334826
tuck,525802139734773760,1414195973000,38.98619667,-76.32338667
tuck,525799812718137345,1414195418000,43.59383281,-84.75980818
tuck,525793589700591616,1414193935000,37.89597484,-122.52522161
tuck,525785136936517632,1414191919000,37.24678324,-78.46059695
tuck,525779864155357184,1414190662000,33.75648849,-85.90283304
tuck,525778863348281345,1414190424000,35.450545,-80.662243
tuck,525772166965780480,1414188827000,38.46814447,-90.30576995
tuck,525771967400804352,1414188780000,38.4679935,-90.30586311
tuck,525771681500237825,1414188711000,51.41022312,0.0066944
tuck,525771475354013696,1414188662000,30.67311437,-88.07515216
tuck,525764338603151361,1414186961000,38.43136597,-90.30608369
tuck,525763637047488512,1414186793000,50.4333,-3.83333
tuck,525762513648902144,1414186526000,40.83885343,-72.87951116
tuck,525762369763299328,1414186491000,35.3664386,-118.9175391
tuck,525757605919354881,1414185356000,41.5526083,-90.6088909
tuck,525747475450445824,1414182940000,33.96518768,-81.01611213
tuck,525746634983223296,1414182740000,-33.9541774,18.4716523
tuck,525739494860161024,1414181038000,30.536511,-95.4951923
tuck,525732850692546560,1414179453000,30.34084441,-87.57020412
tuck,525729098828902400,1414178559000,47.56974562,-52.73244537
tuck,525728865482579969,1414178503000,31.93929695,-106.43936341
tuck,525728255316611072,1414178358000,34.05143457,-87.21094042
tuck,525727511045349376,1414178180000,32.72477452,-96.82617963
tuck,525726672994459648,1414177981000,34.12256082,-83.58236573
tuck,525723662281109505,1414177263000,0.2501247,32.6280194
tuck,525721148546629632,1414176663000,38.49676174,-90.30125874
tuck,525719571555033089,1414176287000,30.591536,-96.3165512
tuck,525714870973378560,1414175167000,30.0109977,-90.1752034
tuck,525710571354992640,1414174142000,52.748569,0.40955982
tuck,525709226476580864,1414173821000,-12.16107,-76.9584
tuck,525707374796210176,1414173379000,51.5714485,-0.1939952
tuck,525706517212065793,1414173175000,39.7493894,-86.2810917
tuck,525705506351247360,1414172934000,38.48237238,-90.24043386
tuck,525696175744487424,1414170709000,50.3992904,-4.1277267
tuck,525694513629892608,1414170313000,43.64796941,-79.37519011
tuck,525692202341519361,1414169762000,36.3453473,-97.32671855
tuck,525690029528870914,1414169244000,38.59261589,-89.95975759
tuck,525689054353174528,1414169012000,35.1050278,-84.9445543
tuck,525688744402505729,1414168938000,33.03902721,-96.64612182
tuck,525686403288801281,1414168379000,38.59267078,-89.95952589
tuck,525683104170930176,1414167593000,32.03776443,-95.7769533
tuck,525681509941121025,1414167213000,38.59266465,-89.95930359
tuck,525680852546899968,1414167056000,38.97626573,-76.54425794
tuck,525680401113939968,1414166948000,42.9127574,-73.892713
tuck,525676215185989632,1414165950000,51.71179777,-3.3464766
tuck,525675255311130625,1414165722000,32.05172971,-81.08935032
tuck,525673584833097728,1414165323000,41.40507536,-82.22216869
tuck,525671391291801600,1414164800000,38.5926909,-89.95933255
tuck,525666294176419840,1414163585000,42.76871928,-83.23897589
tuck,525665143540023296,1414163311000,42.63347424,-82.95738643
tuck,525664342021513216,1414163120000,56.56389444,-2.61111698
tuck,525659277265227777,1414161912000,40.54088803,-80.4098356
tuck,525652361122156544,1414160263000,41.8611331,-87.7252804
tuck,525651285811273728,1414160007000,35.91937491,-83.88208201
tuck,525650005898854401,1414159702000,52.40317214,-1.55257615
tuck,525648993863229440,1414159460000,3.1529502,101.523369
tuck,525648566061371393,1414159358000,38.5926084,-89.95957171
tuck,525646233474715648,1414158802000,38.59265537,-89.95959765
tuck,525637318401863680,1414156677000,31.92857504,-88.34077883
tuck,525636992521240576,1414156599000,53.80719374,-1.54926597
tuck,525636991443271680,1414156599000,31.92865674,-88.3408373
tuck,525631567356764160,1414155306000,53.7519974,-0.3503174
tuck,525630836524068866,1414155131000,1.3469293,103.757195
tuck,525630004655562752,1414154933000,53.23772103,-1.33060585
tuck,525628355610419200,1414154540000,39.78300112,-84.06210073
tuck,525624925126930432,1414153722000,28.91669684,-81.92430012
tuck,525624705710325760,1414153670000,38.5927045,-89.95952361
tuck,525622638522425344,1414153177000,38.59263996,-89.95945576
tuck,525622109155127296,1414153051000,40.8085008,-74.13308511
tuck,525621781734772736,1414152973000,34.601641,-118.1512382
tuck,525616385326862336,1414151686000,51.87198405,-2.22402593
tuck,525615614195269635,1414151502000,33.51415997,-101.89599744
tuck,525607701989306370,1414149616000,37.52536752,-77.0414404
tuck,525588257682513920,1414144980000,17.7541646,-64.756395
tuck,525584600257810433,1414144108000,51.4599562,-2.6174715
tuck,525580125451325440,1414143041000,53.6300829,-2.144951
tuck,525564601136865280,1414139340000,50.96982145,-3.24796159
tuck,525540914555408384,1414133692000,14.6159188,120.9694854
tuck,525537395580895232,1414132853000,49.1803852,-2.1150723
tuck,525529023049244674,1414130857000,41.75294397,-111.84041537
tuck,525523239830032384,1414129478000,28.3397867,-81.6482244
tuck,525515227178082305,1414127568000,37.75034,-122.16079
tuck,525513335891316738,1414127117000,43.6818761,-85.4826646
tuck,525511201540038656,1414126608000,34.00608732,-117.68443568
tuck,525507014093729792,1414125610000,37.9631043,-87.4524183
tuck,525505647400714240,1414125284000,42.09000827,-78.49405898
tuck,525504290157121536,1414124960000,47.10208165,-122.24469871
tuck,525502951985381376,1414124641000,40.9986381,-111.93303213
tuck,525499534181687296,1414123826000,42.09526956,-76.0611816
tuck,525497948596338688,1414123448000,40.79225862,-81.53835165
tuck,525497327424139264,1414123300000,32.0223887,-81.0641032
tuck,525492619581730817,1414122178000,32.74690425,-97.51078398
tuck,525488078765293568,1414121095000,33.98887004,-85.02770869
tuck,525485286571405312,1414120430000,39.87559378,-86.14054339
tuck,525484652501299200,1414120278000,32.74677882,-97.51103781
tuck,525483551006150658,1414120016000,40.79237513,-81.53805439
tuck,525483382407696385,1414119976000,39.96148046,-76.7378437
tuck,525483244188606464,1414119943000,28.92437172,-81.33063507
tuck,525483066030948352,1414119900000,34.0472221,-118.52593698
tuck,525481996932231168,1414119645000,32.71401562,-97.35078298
tuck,525481467825360898,1414119519000,36.7815525,-76.1478551
tuck,525470601969143808,1414116928000,39.05943694,-76.50553722
tuck,525470490899779584,1414116902000,33.7570208,-84.66278258
tuck,525469896352989184,1414116760000,39.12841413,-84.51794588
tuck,525469204003028992,1414116595000,-33.89798156,151.17447292
tuck,525466662582358016,1414115989000,42.6838954,-73.6878124
tuck,525464774608310273,1414115539000,30.3547484,-95.5900069
tuck,525462987155312640,1414115113000,14.684276,121.0244217
tuck,525462664123002880,1414115036000,40.79217366,-81.53827534
tuck,525458952365305856,1414114151000,40.7924947,-81.538253
tuck,525458594528260096,1414114066000,35.9192214,-87.1726058
tuck,525458515604021249,1414114047000,43.6847652,-85.4849017
tuck,525458028011978753,1414113931000,36.30972854,-86.6627248
tuck,525457589052911616,1414113826000,40.79242174,-81.53752327
tuck,525456877959016448,1414113656000,28.3112478,-81.4347103
tuck,525454165431312384,1414113010000,31.92855458,-88.34077655
tuck,525453407377952768,1414112829000,31.9286756,-88.34059624
tuck,525450542878052352,1414112146000,31.92854187,-88.34073193
tuck,525439843766370305,1414109595000,40.79243925,-81.53834805
tuck,525437789220118528,1414109105000,49.60757167,-114.42944702
tuck,525436715927097344,1414108849000,40.79364661,-81.53945159
tuck,525428723311325184,1414106944000,38.57655028,-121.49266094
tuck,525420555181510656,1414104996000,34.71601167,-82.86203
tuck,525419217978658818,1414104678000,39.0205659,-84.5009005
tuck,525411713253146624,1414102888000,32.57499726,-96.84968257
tuck,525409463952756738,1414102352000,40.8613109,-74.2325333
tuck,525406995164438528,1414101763000,38.43141415,27.14050545
tuck,525402562099695617,1414100706000,29.7566301,-90.8198372
tuck,525388553615052801,1414097367000,41.00025941,-76.62207018
tuck,525384935402921984,1414096504000,45.47808209,9.2019026
tuck,525378666130604032,1414095009000,43.77675486,-79.25269884
tuck,525375650992238592,1414094290000,39.0616546,-77.1222379
tuck,525369383863189504,1414092796000,30.6208329,-96.3264812
tuck,525369316976656386,1414092780000,41.88543134,-87.65183942
tuck,525360194394800130,1414090605000,39.4088161,-74.5612044
tuck,525358609694490624,1414090227000,40.4315476,-3.6969156
tuck,525356212825882624,1414089656000,53.3878668,-2.8893234
tuck,525353677385920512,1414089051000,40.72640008,-74.03612287
tuck,525350338904489985,1414088255000,33.464901,-82.0792585
tuck,525349574958153728,1414088073000,38.57655028,-121.49266094
tuck,525346660952866816,1414087379000,42.6098839,-83.2923834
tuck,525346628027572224,1414087371000,-23.75907886,-53.29874731
tuck,525346188883939330,1414087266000,54.98737948,-1.42558586
tuck,525342882287599616,1414086478000,33.19995842,-97.13410432
tuck,525340763090337792,1414085972000,50.82001979,-0.13089826
tuck,525339903765544961,1414085768000,43.39083935,-124.23369886
tuck,525338525420765184,1414085439000,40.61669053,-79.15756241
tuck,525337325648482304,1414085153000,52.66360237,-8.62834184
tuck,525337026280050688,1414085082000,40.8330264,-81.34407506
tuck,525322479813013504,1414081613000,42.6626553,-83.6200762
tuck,525322066162368512,1414081515000,32.58596349,-88.18870273
tuck,525321832728391680,1414081459000,42.6630369,-83.6200968
tuck,525319070653353985,1414080801000,32.58589263,-88.18874084
tuck,525318265203998720,1414080609000,30.5913095,-96.3164681
tuck,525311820375293952,1414079072000,40.7229339,-74.1856748
tuck,525310118536437760,1414078666000,37.13653053,-80.55319003
tuck,525301551855042560,1414076624000,32.52981374,-96.92281374
tuck,525299987148988416,1414076251000,38.4342519,-89.550252
tuck,525294865366913024,1414075030000,40.31445729,-74.06962909
tuck,525292695183310848,1414074512000,1.2893115,103.8296009
tuck,525289205120110592,1414073680000,32.76924061,-97.48398724
tuck,525282942126280707,1414072187000,37.58632224,-122.02642211
tuck,525279365652049920,1414071334000,38.95689362,-84.50877413
tuck,525278320804773888,1414071085000,39.95994153,-86.51873629
tuck,525275020994838528,1414070298000,28.91668484,-81.92407272
tuck,525272981124415488,1414069812000,28.91673295,-81.92421257
tuck,525271589987033088,1414069480000,40.7924991,-81.53790959
tuck,525271432520298496,1414069443000,28.91671182,-81.92405988
tuck,525271391143489536,1414069433000,40.79238295,-81.53756596
tuck,525270492291543040,1414069219000,33.40881043,-111.93460002
tuck,525264269131005952,1414067735000,40.64536877,-73.99559864
tuck,525255127247368192,1414065555000,31.95981455,-88.29510659
tuck,525248379040067585,1414063946000,42.49679411,-83.16955084
tuck,525248071672684544,1414063873000,-33.91493239,151.24753702
tuck,525244830684045314,1414063100000,41.20407372,-73.18733026
tuck,525243877989834752,1414062873000,-34.5206449,-58.7765022
tuck,525243368851652609,1414062752000,51.29250008,0.48217068
tuck,525242445744062464,1414062532000,13.70493468,100.49161593
tuck,525242021041033217,1414062431000,38.888853,-104.7177181
tuck,525239224870916098,1414061764000,40.24558503,-75.09419002
tuck,525230421228154880,1414059665000,34.27643329,-119.15518698
tuck,525227237671723008,1414058906000,51.6091536,-0.5713366
tuck,525211937735704576,1414055258000,40.18130225,-85.48407561
tuck,525201239500664832,1414052707000,55.784208,-2.0110769
tuck,525194606841847808,1414051126000,34.01288099,-118.13803007
tuck,525187640190980096,1414049465000,-33.89620482,151.17315235
tuck,525183460072517632,1414048468000,51.4933081,0.0102702
tuck,525181993706086400,1414048119000,51.15471432,0.87789246
tuck,525181706542669825,1414048050000,34.5257518,-117.1987319
tuck,525177109803958272,1414046954000,51.6651627,-3.0339942
tuck,525176353398607874,1414046774000,33.96619049,-117.5633777
tuck,525174674821763073,1414046374000,51.71295556,-0.05067308
tuck,525171931965038592,1414045720000,51.58698206,-0.04087482
tuck,525170871175217152,1414045467000,56.01223934,-3.7749047
tuck,525168371403595776,1414044871000,41.9433392,-87.6493373
tuck,525167731243753472,1414044718000,39.65396529,-78.9302706
tuck,525166864528580609,1414044512000,40.61462468,-79.15940149
tuck,525165808947716096,1414044260000,36.31920292,-95.63891358
tuck,525164668860370945,1414043988000,40.00249085,-105.25642626
tuck,525164002612367360,1414043829000,32.23159288,-110.95721097
tuck,525163928947417089,1414043812000,37.76168258,-122.43513167
tuck,525153235699376129,1414041262000,37.9054201,-121.2184825
tuck,525148391459000320,1414040107000,40.2639237,-78.8350533
tuck,525134171799564289,1414036717000,30.92108861,-83.23036925
tuck,525129578655019010,1414035622000,29.4879925,-95.06599182
tuck,525127983259217922,1414035242000,41.22678752,-81.83203703
tuck,525127206801252352,1414035057000,40.4027618,-73.9854276
tuck,525126799945396224,1414034960000,44.04242135,-123.09252828
tuck,525125831103119360,1414034729000,41.22678848,-81.83204548
tuck,525123807284322304,1414034246000,33.11079458,-96.79346229
tuck,525123451259207680,1414034161000,32.20529627,-98.21567259
tuck,525122684427177984,1414033978000,39.87560833,-86.1405676
tuck,525120107329388545,1414033364000,40.7423042,-73.0803903
tuck,525115148793434112,1414032182000,41.71688811,-87.63620909
tuck,525112966937866240,1414031662000,38.40533299,-82.4263469
tuck,525112361645273089,1414031517000,31.92859966,-88.34074737
tuck,525104945302102016,1414029749000,40.79248095,-81.53805309
tuck,525101848147918848,1414029011000,44.9595295,-93.1838581
tuck,525101819153108992,1414029004000,41.26209165,-72.94284444
tuck,525101066091003904,1414028824000,42.900384,-73.515551
tuck,525097485354942465,1414027971000,34.16450112,-83.59364032
tuck,525096941332336640,1414027841000,29.93964687,-90.09266965
tuck,525093197144264704,1414026948000,32.6065956,-83.6701042
tuck,525091544123310080,1414026554000,40.2525661,-74.20753306
tuck,525090431588372480,1414026289000,40.01252131,-75.31330007
tuck,525089941618163712,1414026172000,37.43728064,-79.08863761
tuck,525089358882570240,1414026033000,53.9420326,-122.7493812
tuck,525088663395655682,1414025867000,44.473215,-71.1801566
tuck,525080140708343808,1414023835000,36.62655203,-88.31745967
tuck,525078685700083712,1414023488000,32.54073494,-94.37406628
tuck,525078169607749633,1414023365000,42.6572636,-83.1281768
tuck,525077578378670080,1414023224000,39.92583106,-86.15686026
tuck,525075277559648256,1414022676000,42.9003807,-73.5155528
tuck,525075043311951872,1414022620000,-22.5469603,17.0664005
tuck,525074039237115904,1414022381000,33.19992097,-97.1339427
tuck,525068807279480832,1414021133000,32.76094515,-97.47986102
tuck,525063898014429185,1414019963000,52.6063217,-1.0983372
tuck,525063274002661376,1414019814000,40.6517275,-73.8292577
tuck,525062764495372288,1414019692000,40.451109,-79.950926
tuck,525061066582401024,1414019288000,40.79204677,-81.53855887
tuck,525056540798373888,1414018209000,39.32563067,-77.34811027
tuck,525054709951123456,1414017772000,40.79216578,-81.53835079
tuck,525054230240169984,1414017658000,40.79217231,-81.53775736
tuck,525052917846646784,1414017345000,32.75419856,-97.47353258
tuck,525052660228292609,1414017283000,40.15566687,-82.95931385
tuck,525049585622732800,1414016550000,29.94181611,-89.95704736
tuck,525046721827848193,1414015868000,53.4165673,-2.8744856
tuck,525044959452225536,1414015447000,37.72513095,-122.23223263
tuck,525044546783035392,1414015349000,37.7250261,-122.23264613
tuck,525043981860999168,1414015214000,50.33816288,-4.64519748
tuck,525039159141216256,1414014064000,32.76094486,-97.47967956
tuck,525039076773490689,1414014045000,32.76099045,-97.47950974
tuck,525038125085511680,1414013818000,26.1333621,-97.631905
tuck,525037596179955712,1414013692000,39.1417537,-77.5493292
tuck,525037082994294784,1414013569000,-34.8709474,-58.0580172
tuck,525035223885811712,1414013126000,41.5600411,-83.8304013
tuck,525034972818984960,1414013066000,55.95372922,-3.14727418
tuck,525029178669023233,1414011685000,40.82399103,-81.34209479
tuck,525025467687260161,1414010800000,41.5365621,-81.6208303
tuck,525024123698028544,1414010480000,33.84963711,-84.24399617
tuck,525023213223702530,1414010263000,40.4404733,-80.0029079
tuck,525021218496577536,1414009787000,43.38994721,-124.25171149
tuck,525020033144324096,1414009504000,54.78051266,-1.58664991
tuck,525019543383851008,1414009388000,35.04253391,-89.66494986
tuck,525017767834316800,1414008964000,9.53605796,44.08088316
tuck,525016273244397568,1414008608000,28.04588276,-82.60825097
tuck,525015690521366529,1414008469000,41.98609323,-70.9400826
tuck,525014550962507776,1414008197000,39.56869564,-76.99380229
tuck,525011576001400832,1414007488000,14.5660049,-90.5458258
tuck,525009695073771520,1414007040000,47.47473798,-122.2793087
tuck,525005068115116033,1414005937000,39.64806233,-79.96627891
tuck,525003774323339264,1414005628000,43.61087447,1.44916308
tuck,525000712917614592,1414004898000,-16.713073,-49.2857519
tuck,524999286439043072,1414004558000,42.1950965,-72.6510337
tuck,524996452653998080,1414003882000,41.07408246,-81.51687048
tuck,524995993033793536,1414003773000,51.839352,-2.2631277
tuck,524992453276086272,1414002929000,39.92150152,-86.16348234
tuck,524991469585977344,1414002694000,33.99033351,-83.90179513
tuck,524990098665119744,1414002368000,53.7915772,-3.04362243
tuck,524990004033245184,1414002345000,55.7642191,37.6085546
tuck,524986774112964608,1414001575000,51.35595732,-0.1294336
tuck,524986597662806016,1414001533000,43.6843192,-85.4860956
tuck,524986298860589057,1414001462000,40.83746873,-81.32695142
tuck,524977622573674496,1413999393000,31.2570891,-93.983445
tuck,524975297717108737,1413998839000,56.8426275,-5.1056957
tuck,524974083151527937,1413998549000,38.1877908,-83.4337028
tuck,524971184296042497,1413997858000,-26.09527,27.9422388
tuck,524964539583176704,1413996274000,32.58800943,-88.18644512
tuck,524964414056054785,1413996244000,32.59702043,-88.18871141
tuck,524964178109669376,1413996188000,32.58877451,-88.1862447
tuck,524964030122065923,1413996152000,32.58799439,-88.18648768
tuck,524957775764660224,1413994661000,34.1811464,-117.3237761
tuck,524957765446676480,1413994659000,34.6745338,-82.8380215
tuck,524957158954528771,1413994514000,41.3012005,-81.4693828
tuck,524955445623267329,1413994106000,39.95403294,-75.19913698
tuck,524952174607212545,1413993326000,33.1683934,-86.7887734
tuck,524943758111281152,1413991319000,42.9989511,-96.0579189
tuck,524936388488474624,1413989562000,32.3479407,-80.6766995
tuck,524930679994585089,1413988201000,40.79226629,-81.53809832
tuck,524930578194649088,1413988177000,40.79226032,-81.53812583
tuck,524923993154129921,1413986607000,40.62079067,-75.46977854
tuck,524923540395794433,1413986499000,27.9592265,-82.7497884
tuck,524914638346285056,1413984376000,51.46433524,-0.12982742
tuck,524913733026729984,1413984161000,-12.161564,-76.957929
tuck,524907134132432896,1413982587000,38.67446485,-90.45158578
tuck,524902148145156096,1413981398000,41.40344763,-81.56752126
tuck,524901550154477568,1413981256000,30.1657433,-81.6314302
tuck,524895439083278337,1413979799000,31.92850251,-88.34081819
tuck,524894199271804929,1413979503000,42.28021207,-71.69022403
tuck,524886872569290752,1413977757000,15.12978682,145.69688989
tuck,524811226539257856,1413959721000,33.9456767,-117.99427835
tuck,524808763593981953,1413959134000,41.8628,-71.41679
tuck,524805283772911616,1413958304000,3.10146219,101.74085274
tuck,524800051882000385,1413957057000,39.6603892,-75.6324377
tuck,524794000570855424,1413955614000,33.6168458,-84.43849945
tuck,524792072570957825,1413955154000,35.4942555,-97.7525092
tuck,524790049376714752,1413954672000,45.3843018,9.2407088
tuck,524785808545685504,1413953661000,51.42768519,-0.25904426
tuck,524784043960070145,1413953240000,45.6530466,-122.6379418
tuck,524773588432605184,1413950747000,40.61769835,-79.15959623
tuck,524773354684055553,1413950692000,35.1325712,-78.86794766
tuck,524773136043364353,1413950640000,35.54997033,-98.67878512
tuck,524770131021692928,1413949923000,41.621478,-83.6348814
tuck,524767687507853312,1413949341000,45.41631888,-122.57513223
tuck,524766120713416704,1413948967000,41.963987,-87.6690075
tuck,524763675895549952,1413948384000,40.89588992,-85.4968159
tuck,524761756942745600,1413947927000,43.70240024,-72.29556651
tuck,524761531628535808,1413947873000,32.356195,-97.393088
tuck,524756146209320960,1413946589000,1.33264779,103.92375985
tuck,524751362358136832,1413945448000,38.0232099,-97.3589598
tuck,524750405310631939,1413945220000,41.93016945,-70.82967239
tuck,524749008359923712,1413944887000,41.93024627,-70.82948967
tuck,524747712454197249,1413944578000,38.40958031,-76.84896642
tuck,524746584492605441,1413944309000,39.03986552,-94.60303932
tuck,524744718715219968,1413943864000,31.92845947,-88.34080621
tuck,524744450963435521,1413943801000,31.92854203,-88.34073183
tuck,524744351810072577,1413943777000,40.79238709,-81.53811464
tuck,524740588655370241,1413942880000,41.7655248,-87.6808602
tuck,524739866102624256,1413942707000,40.79238351,-81.53823632
tuck,524737657466003456,1413942181000,40.79241024,-81.53796385
tuck,524733743412822017,1413941248000,35.0603376,-80.85802082
tuck,524730157438091264,1413940393000,43.70474563,-72.29587111
tuck,524726495831654400,1413939520000,-37.81176427,144.96456203
tuck,524722159101673473,1413938486000,31.92855233,-88.34076182
tuck,524714801961132032,1413936732000,40.5488681,-74.35986414
tuck,524710159701262336,1413935625000,33.51945718,-81.94008479
tuck,524702076853829632,1413933698000,40.05172375,-76.30298583
tuck,524701303914905600,1413933513000,40.05149268,-76.30306464
tuck,524696055137718273,1413932262000,40.79246901,-81.53803046
tuck,524695586529091584,1413932150000,42.88641038,-87.91302818
tuck,524694455400415233,1413931881000,14.5912952,121.1751113
tuck,524691848590557184,1413931259000,34.93260661,-82.25279114
tuck,524679847793410050,1413928398000,38.7330754,-77.0047095
tuck,524678742225203200,1413928134000,42.38425132,-72.52974002
tuck,524677186918547457,1413927764000,36.8836048,-76.28692939
tuck,524676173692149762,1413927522000,42.11081247,-72.55884085
tuck,524671056813228032,1413926302000,40.04465979,-75.68839604
tuck,524669774182506496,1413925996000,36.7986064,-119.7800857
tuck,524669244777455617,1413925870000,37.19146875,-93.30338188
tuck,524667408775380993,1413925432000,44.67305823,-63.58320723
tuck,524665922565722113,1413925078000,40.79228619,-81.5379218
tuck,524663530570915841,1413924508000,53.5419694,-6.3001092
tuck,524661247363387392,1413923963000,35.29695004,-93.13112068
tuck,524660088880254976,1413923687000,51.2897132,-0.277835
tuck,524656300475817984,1413922784000,40.79237696,-81.53803182
tuck,524656008577417216,1413922714000,34.43836871,-119.84265534
tuck,524655690334601217,1413922638000,43.6868111,-85.481745
tuck,524654786902507522,1413922423000,39.92966477,-75.19790886
tuck,524653781896933377,1413922183000,-33.90316667,151.19383333
tuck,524652588860702721,1413921899000,37.3761648,-6.0030621
tuck,524647594245750785,1413920708000,39.95708025,-75.17195201
tuck,524645902607470593,1413920305000,38.22203997,-85.7055408
tuck,524644451692843010,1413919959000,56.07094635,-3.4382225
tuck,524643309357371392,1413919687000,47.31408689,-122.17931391
tuck,524639111492018176,1413918686000,45.0492017,-93.2878432
tuck,524639051933306881,1413918671000,35.75964477,-78.73773935
tuck,524636865744609280,1413918150000,35.74834518,-78.60252545
tuck,524632215733698560,1413917042000,50.82823254,-0.14873542
tuck,524631316638076929,1413916827000,41.99691314,-91.63171169
tuck,524630769990651904,1413916697000,30.304771,-93.7346288
tuck,524629963908337665,1413916505000,34.201142,-119.186753
tuck,524626915576262657,1413915778000,41.7726736,-87.5763189
tuck,524619274267402240,1413913956000,55.7485979,-4.1839921
tuck,524610107012055040,1413911770000,33.68044403,-78.98850881
tuck,524598234522857472,1413908940000,41.58668757,-81.48551415
tuck,524588216742318080,1413906551000,36.00928207,-80.04845194
tuck,524577092353409024,1413903899000,34.6782478,-82.8348405
tuck,524564257816707072,1413900839000,32.77310671,-97.48475405
tuck,524553807473418240,1413898348000,29.92897556,-95.07625553
tuck,524553306933583872,1413898228000,45.52049275,-122.40822126
tuck,524544372239785984,1413896098000,28.6823956,-81.42298279
tuck,524537828618018816,1413894538000,31.92844078,-88.34067822
tuck,524528425001050112,1413892296000,-12.136463,-77.005209
tuck,524526547882237953,1413891848000,53.38585788,-6.25474833
tuck,524522738380447744,1413890940000,37.13659642,-80.54931207
tuck,524510505915125760,1413888024000,39.7916304,-86.2218952
tuck,524505972740739073,1413886943000,-37.87993995,145.02342212
tuck,524498893556695041,1413885255000,53.04141893,-2.17934556
tuck,524478143349157888,1413880308000,31.92854741,-88.34066033
tuck,524475424047636481,1413879660000,27.5311648,-97.8830853
tuck,524472461283581952,1413878953000,-1.30705567,36.75889905
tuck,524450237201793024,1413873655000,42.723991,-84.4889109
tuck,524446969968607232,1413872876000,14.5814504,120.9850769
tuck,524432199165427712,1413869354000,29.99786108,31.15536528
tuck,524424011468767232,1413867402000,39.7448173,-77.0884255
tuck,524409938517704704,1413864047000,43.0640537,-76.1375487
tuck,524409188639064064,1413863868000,31.92849274,-88.3407334
tuck,524405867660460032,1413863076000,36.85171519,-76.2622007
tuck,524405538168512512,1413862997000,43.25756099,-71.5788313
tuck,524401893897162753,1413862129000,33.126065,-87.55462985
tuck,524398716677914625,1413861371000,29.90187395,-97.91348479
tuck,524397819181154304,1413861157000,39.03862061,-95.69636595
tuck,524394512828088321,1413860369000,39.87557011,-86.14050533
tuck,524390929688715264,1413859515000,52.12233944,-106.6025435
tuck,524386081366892544,1413858359000,42.11713787,-72.52472361
tuck,524385982070947840,1413858335000,40.76281907,-74.04559558
tuck,524383926887145473,1413857845000,32.4569247,-81.7959709
tuck,524383245136592897,1413857682000,39.9998742,-82.672089
tuck,524382045741801472,1413857396000,40.79227666,-81.53799768
tuck,524380248612159488,1413856968000,42.2771529,-85.623574
tuck,524378158901243905,1413856470000,40.79211574,-81.53813159
tuck,527285564887019520,1414549649000,45.14564655,-93.63452146
tuck,527282637904547840,1414548951000,29.9135529,-89.89583646
tuck,527282339895070720,1414548880000,32.76511044,-93.91578222
tuck,527282246567591937,1414548858000,40.46182854,-104.89946404
tuck,527281873505234946,1414548769000,43.70476555,-72.2966885
tuck,527279351088566272,1414548168000,40.79214418,-81.53774698
tuck,527296678152642560,1414552299000,36.02419171,-79.91628259
tuck,527296050575732736,1414552149000,35.9341738,-115.08216762
tuck,527295537817866240,1414552027000,35.08735585,-85.33904317
tuck,527294765277384704,1414551843000,41.07289502,-81.50763738
tuck,527293994116448258,1414551659000,29.91532819,-81.2947689
tuck,527292895314051072,1414551397000,51.1237416,-113.945928
tuck,527292087373271040,1414551204000,30.6028228,-96.2149789
tuck,527291569515544576,1414551081000,36.16912,-95.757125
tuck,527288954744483840,1414550458000,51.47055584,0.0327413
tuck,527303090580766720,1414553828000,45.46603548,-73.56779899
tuck,527302629844471808,1414553718000,32.7008917,-97.25896728
tuck,527302484906086400,1414553683000,32.7008917,-97.25896728
tuck,527298852844744704,1414552817000,44.96430965,-93.15933092
tuck,527308589044891649,1414555139000,33.92290481,-118.39725038
tuck,527307244573310976,1414554818000,35.1672821,-89.79898033
tuck,527304890851147776,1414554257000,34.0244572,-80.9393532
tuck,527309607174037504,1414555381000,38.4314673,-90.30602619
tuck,527323331205554176,1414558654000,39.32884341,-82.09915975
tuck,527322166597922817,1414558376000,34.20987393,-118.53575432
tuck,527325187469881345,1414559096000,26.06534022,-80.37385976
tuck,527332893002330112,1414560933000,33.546799,-112.0398133
tuck,527337566048374784,1414562047000,40.85466935,-73.93421257
tuck,527337379007565824,1414562003000,40.0613512,-75.1547883
tuck,527337228616613888,1414561967000,40.71207822,-73.59565484
tuck,527337134277931008,1414561944000,36.79998434,-119.65901139
tuck,527343609675542528,1414563488000,32.74657105,-96.85169813
tuck,527341793466400768,1414563055000,32.44000765,-111.08301245
tuck,527341654836256769,1414563022000,34.26513822,-119.20432909
tuck,527345720136048640,1414563991000,29.8709791,-94.85041148
tuck,527350803305365504,1414565203000,33.9444986,-118.1352277
tuck,527357439960555520,1414566786000,34.5257196,-117.1986563
tuck,527376381664325632,1414571302000,50.7942756,-0.0162736
tuck,527397338747109377,1414576298000,-37.83359953,144.97082051
tuck,527409994153869312,1414579316000,29.7516751,-95.1281602
tuck,527418856437186560,1414581429000,51.88706768,-2.08741717
tuck,527417765960089600,1414581169000,53.7508788,-1.6899045
tuck,527417667796611072,1414581145000,51.88704746,-2.08733984
tuck,527416671259328512,1414580908000,51.88706702,-2.0873812
tuck,527416271055630336,1414580812000,-1.9445827,30.0896558
tuck,527415941647589376,1414580734000,-1.9445725,30.089682
tuck,527414739274829824,1414580447000,51.88705191,-2.08738209
tuck,527430803912159232,1414584277000,51.485119,-0.1236749
tuck,527439193417740288,1414586277000,40.0263047,-75.2279536
tuck,527444002791256065,1414587424000,41.64494259,-87.6613627
tuck,527443413474365440,1414587283000,1.304965,103.8234815
tuck,527446356000919553,1414587985000,29.67634828,-95.53610932