harvard,527097399458557953,1414504787000,25.8158074,-80.3544758
harvard,527088549699788800,1414502677000,43.08150378,-75.2150829
harvard,527084948541673472,1414501819000,41.0810511,29.0483023
harvard,527082944289320960,1414501341000,38.88957418,-77.21118484
harvard,527082368226836481,1414501203000,42.3807184,-71.1198643
harvard,527078727025704960,1414500335000,42.34934816,-71.1316954
harvard,527076556783763456,1414499818000,42.362419,-71.131264
harvard,527076369608757248,1414499773000,53.3817093,-6.5988939
harvard,527070856326156289,1414498459000,32.89803818,-97.04086304
harvard,527067171554590721,1414497580000,42.37351016,-71.11913031
harvard,527063051342979073,1414496598000,26.65622933,-80.17730709
harvard,527059350586544131,1414495716000,-6.95646,107.58679
harvard,527056953198272512,1414495144000,51.63654315,-1.39205133
harvard,527055502677528577,1414494798000,14.62768449,121.05519281
harvard,527050941158404096,1414493711000,42.3735951,-71.06318551
harvard,527041649868689408,1414491495000,-6.93646,107.62039
harvard,527039851506327553,1414491067000,-6.93516,107.61144
harvard,527039831478505472,1414491062000,34.10189519,-118.30438519
harvard,527039117696049152,1414490892000,-6.9315,107.62235
harvard,527031107297234944,1414488982000,42.36298072,-71.16881115
harvard,527021332798922752,1414486651000,53.889334,-3.0332696
harvard,527015873761280000,1414485350000,51.5100551,-3.1541528
harvard,527013332482392064,1414484744000,32.77257942,-117.06750243
harvard,527005913270714368,1414482975000,45.46432149,-122.64677271
harvard,527000934350872576,1414481788000,53.3866773,-6.5846475
harvard,527000612844482562,1414481711000,4.89228197,114.94509501
harvard,526996655455735808,1414480768000,1.2729549,103.8206784
harvard,526991999938072576,1414479658000,39.65569579,-78.92695356
harvard,526988051377958914,1414478717000,42.4764808,-96.3642907
harvard,526969788321382400,1414474362000,36.89460714,-119.76654485
harvard,526960261199298560,1414472091000,41.86976963,-87.64738579
harvard,526957419306713088,1414471413000,40.0609404,-75.1744783
harvard,526955636177653760,1414470988000,42.3561185,-71.0552516
harvard,526953474261803008,1414470473000,26.1356012,-97.9978862
harvard,526949595126177793,1414469548000,39.41864361,-81.46301007
harvard,526949073509576706,1414469424000,39.5768851,-104.9920332
harvard,526942711862292481,1414467907000,36.0910055,-79.47436692
harvard,526932181214851072,1414465396000,42.42719036,-71.07101668
harvard,526931463439413248,1414465225000,25.77808409,-80.14201082
harvard,526928347624796161,1414464482000,33.84308594,-84.82195795
harvard,526923755604705280,1414463387000,34.10189519,-118.30438519
harvard,526918225658146816,1414462069000,40.4424865,-80.2164804
harvard,526913448933085186,1414460930000,42.37425953,-71.12192011
harvard,526913150307008512,1414460859000,32.4314569,-84.9139405
harvard,526912065726734336,1414460600000,39.1426511,-84.3971186
harvard,526908015056674816,1414459634000,37.78678264,-122.41487603
harvard,526903882274709504,1414458649000,36.12053941,-115.25967012
harvard,526902925525008384,1414458421000,37.1518922,-80.4105556
harvard,526901168166162432,1414458002000,35.77757094,-78.77197525
harvard,526898309815091201,1414457321000,42.36514742,-71.12216522
harvard,526897168951816192,1414457049000,42.7100858,-78.9089542
harvard,526892747425583104,1414455994000,38.89022484,-77.01958123
harvard,526891168999944195,1414455618000,42.4732738,-92.2866982
harvard,526890146776743937,1414455374000,47.64912128,-122.34474133
harvard,526889536312590336,1414455229000,38.1737931,-85.59280587
harvard,526888733266960384,1414455037000,42.60417737,-71.15080583
harvard,526888167467921408,1414454902000,31.1579969,-85.8816393
harvard,526887135849484289,1414454656000,-30.09239281,-51.23712455
harvard,526886336658411520,1414454466000,28.570702,-81.373396
harvard,526885505091514368,1414454268000,35.391936,-97.54914942
harvard,526881324057894912,1414453271000,41.49542218,-81.53573734
harvard,526874948426797057,1414451751000,32.79375689,-79.95948395
harvard,526872327452377089,1414451126000,40.8237936,-73.9522376
harvard,526868068023402498,1414450110000,42.36400397,-71.12394931
harvard,526867385853034496,1414449948000,31.54937514,-97.12030026
harvard,526865456528101377,1414449488000,37.34694136,-77.53025042
harvard,526864764404649985,1414449323000,42.37351016,-71.11913031
harvard,526863480880906240,1414449017000,42.36400397,-71.12394931
harvard,526863313796628481,1414448977000,42.37441763,-71.12001194
harvard,526859313181368322,1414448023000,42.35457,-71.09132
harvard,526859053298114560,1414447961000,40.4472586,-79.95125812
harvard,526857348279578624,1414447555000,39.1426511,-84.3971186
harvard,526855930063753217,1414447216000,38.55817705,-90.29493916
harvard,526855466232872960,1414447106000,39.1427081,-84.3971816
harvard,526854545729544194,1414446886000,42.30213326,-71.12303133
harvard,526852606501474306,1414446424000,41.44885,-81.60285
harvard,526852183283617793,1414446323000,41.44881,-81.62775
harvard,526850328000745474,1414445881000,41.2647864,-73.68740223
harvard,526850180918677507,1414445846000,34.1742735,-118.4184746
harvard,526848287140483073,1414445394000,35.6969261,-0.5612855
harvard,526846667392569346,1414445008000,42.37335223,-71.11891477
harvard,526844222985359360,1414444425000,41.44883,-81.62134
harvard,526844088143077376,1414444393000,42.375042,-71.113409
harvard,526843599439548416,1414444277000,42.37351016,-71.11913031
harvard,526843570536185856,1414444270000,35.0759363,-92.4281023
harvard,526840998861602816,1414443657000,28.1419315,-80.65501653
harvard,526840797896146944,1414443609000,42.33556787,-71.10404796
harvard,526839262935670784,1414443243000,41.44715,-81.65682
harvard,526838440130666496,1414443046000,41.44883,-81.62134
harvard,526836552005976064,1414442596000,42.37451264,-71.117464
harvard,526834708366512129,1414442157000,6.43243243,3.4269794
harvard,526833000823025664,1414441750000,47.6054773,-122.33247834
harvard,526832269622005762,1414441575000,42.37351016,-71.11913031
harvard,526830271555833856,1414441099000,41.44883,-81.62134
harvard,526829855376044033,1414441000000,41.44881,-81.62775
harvard,526829097268559872,1414440819000,6.43243243,3.4269794
harvard,526827469672701952,1414440431000,39.72643283,-121.84120839
harvard,526826845887406080,1414440282000,42.37351016,-71.11913031
harvard,526825709789253632,1414440011000,34.10189519,-118.30438519
harvard,526825628801437696,1414439992000,38.8475461,-77.0511168
harvard,526821469255659520,1414439000000,32.78667469,-96.9647063
harvard,526818332888924160,1414438253000,40.75551127,-73.9814988
harvard,526814385155870720,1414437311000,42.37351016,-71.11913031
harvard,526812767358287875,1414436926000,42.36558359,-71.12222672
harvard,526812551833608192,1414436874000,41.44715,-81.65682
harvard,526812064585482240,1414436758000,42.37351016,-71.11913031
harvard,526810023611994112,1414436271000,28.6156184,77.0741869
harvard,526808362185682946,1414435875000,42.37351016,-71.11913031
harvard,526807485538390016,1414435666000,42.3740374,-71.12147676
harvard,526806863141404672,1414435518000,42.20541329,-71.52243783
harvard,526799897203572737,1414433857000,42.37550651,-71.1163821
harvard,526798218672099328,1414433457000,42.54632846,-83.21383011
harvard,526794900386619392,1414432666000,55.9119912,-4.1292475
harvard,526793627843198976,1414432362000,33.66912239,-117.91228599
harvard,526790990762635264,1414431734000,42.36514742,-71.12216522
harvard,526788171258814465,1414431061000,32.75196052,-117.1468945
harvard,526786097121337346,1414430567000,42.37451264,-71.117464
harvard,526783385352830976,1414429920000,51.4781715,-3.1701432
harvard,526774713658642434,1414427853000,40.72156713,-73.65451097
harvard,526773770888159232,1414427628000,42.37397178,-71.11790735
harvard,526768202127523840,1414426300000,42.38172556,-71.12877529
harvard,526765785499566081,1414425724000,42.37499081,-71.10955043
harvard,526756273115897856,1414423456000,44.49031554,-73.05837327
harvard,526755868855918593,1414423360000,6.910592,79.872625
harvard,526753399665336321,1414422771000,25.8794877,-80.29395528
harvard,526748827970465792,1414421681000,50.90779144,-1.40091113
harvard,526743482476802048,1414420407000,42.37939302,-71.11943417
harvard,526742597738708992,1414420196000,42.37454763,-71.11737752
harvard,526741883440365569,1414420026000,6.66013166,-1.56082058
harvard,526737470747328512,1414418973000,42.38849697,-71.1036065
harvard,526736473811218432,1414418736000,12.941345,77.5435211
harvard,526728201696202752,1414416764000,42.37351016,-71.11913031
harvard,526724271780139008,1414415827000,35.65398833,-97.7572801
harvard,526718980070076417,1414414565000,42.3723718,-71.12279636
harvard,526718402354638849,1414414427000,41.45096,-81.51698
harvard,526717171112878080,1414414134000,35.65405599,-97.75706593
harvard,526716812701224960,1414414048000,42.59748164,-71.32605314
harvard,526715178919141376,1414413659000,52.06474562,1.13018585
harvard,526707662999003136,1414411867000,-26.12158484,28.03847375
harvard,526701298754670592,1414410349000,41.45096,-81.51698
harvard,526700898211618816,1414410254000,51.42769602,-0.73581719
harvard,526694898775650304,1414408824000,42.372612,-71.120509
harvard,526691710794227712,1414408063000,41.3187389,-72.907483
harvard,526690199301287936,1414407703000,-22.89980173,-43.17920037
harvard,526689888515543040,1414407629000,-6.93534,107.61788
harvard,526688435499577344,1414407283000,41.45096,-81.51698
harvard,526678498895597569,1414404914000,-6.90374,107.65263
harvard,526673613135814656,1414403749000,51.88148855,0.73184957
harvard,526657756154327040,1414399968000,49.6129449,6.1297492
harvard,526657416201785344,1414399887000,51.0126254,-0.9304374
harvard,526648887160107009,1414397854000,28.57034996,-81.38941973
harvard,526648886749065216,1414397853000,28.57034996,-81.38941973
harvard,526647225402028032,1414397457000,28.5703301,-81.3894234
harvard,526627798908014592,1414392826000,42.51427444,-90.71672691
harvard,526623603845255168,1414391826000,36.84402002,30.60035565
harvard,526619922093191168,1414390948000,32.63584663,-97.14913493
harvard,526619165264973824,1414390767000,52.37871999,4.8519755
harvard,526617223943553024,1414390304000,32.62895993,-117.00051807
harvard,526617080330997760,1414390270000,44.7272902,11.2922255
harvard,526616255160406016,1414390073000,39.7552658,-104.9284238
harvard,526599548974936064,1414386090000,32.98443074,-117.02711108
harvard,526596910564802561,1414385461000,42.25490468,-72.57613461
harvard,526593795140624384,1414384719000,34.1019484,-118.30431307
harvard,526593719877656576,1414384701000,14.66849587,121.02462207
harvard,526583627677958146,1414382294000,40.75157326,-74.00291833
harvard,526578967604916225,1414381183000,42.35255978,-71.12854843
harvard,526578939490078720,1414381177000,1.533129,110.3574505
harvard,526571421129265153,1414379384000,39.1801528,-76.6690946
harvard,526568868425105408,1414378776000,34.2141457,-118.5776987
harvard,526567875126259712,1414378539000,41.53357673,-81.59410254
harvard,526566553903722496,1414378224000,42.37351016,-71.11913031
harvard,526564269278920704,1414377679000,-34.61357716,-58.51274439
harvard,526564264396746753,1414377678000,33.06515114,-96.88990934
harvard,526561169331716096,1414376940000,40.024919,-75.318953
harvard,526560082021351425,1414376681000,42.37818754,-71.10409255
harvard,526556281650159616,1414375775000,41.44920186,-81.5827323
harvard,526548585438273536,1414373940000,42.37234204,-71.11878064
harvard,526547264526106626,1414373625000,42.36514742,-71.12216522
harvard,526545906079117312,1414373301000,38.24576398,-77.46476951
harvard,526544591135076352,1414372987000,42.37351016,-71.11913031
harvard,526537499079098368,1414371297000,42.37351016,-71.11913031
harvard,526535209433702400,1414370751000,42.3729515,-71.12228465
harvard,526533624535867392,1414370373000,42.3561185,-71.0552516
harvard,526532977321201665,1414370218000,42.37351016,-71.11913031
harvard,526532389989023744,1414370078000,42.37351016,-71.11913031
harvard,526525264587923456,1414368380000,39.67324927,-104.9800383
harvard,526524907832606721,1414368295000,0.0,0.0
harvard,526524367572705280,1414368166000,40.67299231,-74.28064451
harvard,526524138383761408,1414368111000,32.22772129,-110.95051758
harvard,526519350795051008,1414366970000,34.02187628,-118.32510013
harvard,526516335757373440,1414366251000,34.1798298,-118.4195023
harvard,526516036225757184,1414366179000,42.37385298,-71.12079886
harvard,526508792780185600,1414364452000,41.5051431,-81.5359847
harvard,526504069175967744,1414363326000,42.34993517,-71.09774646
harvard,526502209404825600,1414362883000,42.95622385,-71.48412027
harvard,526501683447496704,1414362757000,42.3709567,-71.1235714
harvard,526498263583969282,1414361942000,42.38841074,-71.14209526
harvard,526497973593579521,1414361873000,33.79691707,-117.85075268
harvard,526493368172687361,1414360775000,51.68490712,7.83138681
harvard,526489625687519232,1414359883000,42.37351016,-71.11913031
harvard,526487455126806528,1414359365000,42.37331997,-71.11896515
harvard,526486159120408576,1414359056000,42.37351016,-71.11913031
harvard,526484999793819648,1414358780000,42.37351016,-71.11913031
harvard,526484163856039937,1414358580000,32.67338551,-117.06423391
harvard,526484163181158400,1414358580000,42.34134769,-71.10673033
harvard,526479450440208386,1414357457000,42.30213326,-71.12303133
harvard,526477399886954496,1414356968000,42.35457,-71.09132
harvard,526475521186492416,1414356520000,34.10501214,-118.30445967
harvard,526472571911688192,1414355817000,52.37367366,4.89557609
harvard,526472280017498112,1414355747000,33.67696202,-111.91507618
harvard,526471107655004160,1414355468000,50.82524582,-0.15499358
harvard,526467086307295233,1414354509000,52.130068,-8.6596663
harvard,526463121222037504,1414353563000,42.37351016,-71.11913031
harvard,526462027464998913,1414353303000,41.2572992,-96.0090082
harvard,526460734415187968,1414352994000,34.13944357,-118.41292977
harvard,526460106624761856,1414352845000,39.67826983,-104.98261249
harvard,526459137203257344,1414352614000,29.7369221,-95.44213923
harvard,526458873142845440,1414352551000,40.75462341,-73.99424744
harvard,526451414256877568,1414350772000,25.8901358,-80.1642862
harvard,526449548169056256,1414350327000,40.33949183,-74.65057845
harvard,526444568317685760,1414349140000,29.82618868,-95.30701716
harvard,526442096845406209,1414348551000,42.5013546,-71.0774117
harvard,526441074059780097,1414348307000,42.37361111,-71.11055556
harvard,526440046161698816,1414348062000,34.409669,132.716688
harvard,526439953488560128,1414348040000,29.9046218,-95.7307989
harvard,526438448391921664,1414347681000,12.9712856,80.2226229
harvard,526437662333607936,1414347494000,29.92511015,-95.1970981
harvard,526436083815698432,1414347117000,41.31790137,-73.8537273
harvard,526433694698176514,1414346548000,40.73622108,-74.00674922
harvard,526433331689586688,1414346461000,42.37496398,-71.11759457
harvard,526432535522197504,1414346271000,42.37341854,-71.1191565
harvard,526427221117116417,1414345004000,42.37404917,-71.11707687
harvard,526427109502492673,1414344978000,42.37351016,-71.11913031
harvard,526426962466971648,1414344943000,53.33788735,-6.25116068
harvard,526425575338962944,1414344612000,33.46889822,-112.09379298
harvard,526425299286642688,1414344546000,39.30190319,-76.6155346
harvard,526424836982464513,1414344436000,42.37385298,-71.12079886
harvard,526417339668262913,1414342648000,10.5067514,-66.9467213
harvard,526414339784581120,1414341933000,40.859548,-73.9267772
harvard,526410664290832384,1414341057000,55.94655186,-3.19886134
harvard,526410179970351104,1414340941000,42.3736147,-71.1212668
harvard,526403572317974528,1414339366000,42.37351016,-71.11913031
harvard,526401023154606080,1414338758000,42.37404917,-71.11707687
harvard,526400192057454592,1414338560000,41.76874013,-72.67572642
harvard,526397960327024640,1414338028000,40.75556617,-73.98141031
harvard,526395369383817216,1414337410000,42.37345676,-71.11915311
harvard,526394221805445120,1414337137000,27.3240779,-81.383037
harvard,526393983388643329,1414337080000,51.55718934,-0.27918924
harvard,526392729660829696,1414336781000,42.49695492,-90.67829662
harvard,526392607274827776,1414336752000,42.37428075,-71.11725862
harvard,526391747963002881,1414336547000,42.37599903,-71.11651084
harvard,526391422543335425,1414336469000,1.5161733,110.2859251
harvard,526391062039105537,1414336383000,37.78534088,-122.40030765
harvard,526390717816393729,1414336301000,42.38888889,-72.52777778
harvard,526389033979899904,1414335900000,40.33949183,-74.65057845
harvard,526380426492133377,1414333848000,42.37327731,-71.09827898
harvard,526380253766103041,1414333806000,51.0763431,-114.132469
harvard,526378015648153600,1414333273000,42.37351016,-71.11913031
harvard,526371485707796480,1414331716000,26.33546843,127.84096059
harvard,526367650872438784,1414330802000,-7.2726,112.71098
harvard,526359986537234432,1414328974000,40.3457576,-74.64976692
harvard,526357601748254720,1414328406000,42.37351016,-71.11913031
harvard,526353154313838593,1414327345000,4.33033067,101.13342667
harvard,526347350466633728,1414325962000,14.69707587,121.06217489
harvard,526340668239527937,1414324368000,42.373627,-71.10439
harvard,526337849201655808,1414323696000,42.35103828,-71.06348726
harvard,526331558941458432,1414322197000,41.44921198,-81.58243805
harvard,526310305786527746,1414317129000,48.3046151,11.9069316
harvard,526308227378851840,1414316634000,53.42678267,-6.24027773
harvard,526304205737558016,1414315675000,34.23680345,-119.16574293
harvard,526289283465089024,1414312117000,28.97793,-97.77819
harvard,526280812329971712,1414310098000,-1.95822525,30.11151921
harvard,526277304130224128,1414309261000,28.570202,-81.376728
harvard,526275982840561665,1414308946000,16.38410188,120.59414383
harvard,526270144231002112,1414307554000,-1.95802325,30.11168686
harvard,526269686347227136,1414307445000,34.1019484,-118.30431307
harvard,526265229064548352,1414306382000,38.84699058,-104.80594618
harvard,526264584881991680,1414306229000,42.37236808,-71.11938049
harvard,526258428751413248,1414304761000,42.44802447,-71.22517568
harvard,526250317336547328,1414302827000,16.38410188,120.59414383
harvard,526246315198799872,1414301873000,35.66425986,139.72746523
harvard,526246259590328320,1414301860000,33.6856625,73.0146045
harvard,526230306786119680,1414298056000,42.37565067,-71.1222732
harvard,526230252675031041,1414298043000,42.3561185,-71.0552516
harvard,526228978307452928,1414297739000,33.90230146,-80.33135229
harvard,526226011139350528,1414297032000,42.37304039,-71.12204131
harvard,526223393272901633,1414296408000,-30.1858221,-50.2102487
harvard,526217105293987840,1414294909000,42.37341961,-71.11899302
harvard,526216696265064448,1414294811000,34.13165338,-118.3538454
harvard,526207925119762432,1414292720000,1.37516,103.8699848
harvard,526207748241752064,1414292678000,45.0195281,-93.2862173
harvard,526207624187219968,1414292648000,10.6520631,-71.6170682
harvard,526207447611219969,1414292606000,32.28413711,-106.74227659
harvard,526207396830400514,1414292594000,45.0195281,-93.2862173
harvard,526204684345024512,1414291947000,40.31038818,-74.09195996
harvard,526203025736892416,1414291552000,28.68119388,-81.47106618
harvard,526200190760284160,1414290876000,42.33645112,-71.1036993
harvard,526198742152912896,1414290531000,40.7062002,-74.008478
harvard,526195715169845248,1414289809000,41.8329565,-72.4677009
harvard,526195495354777601,1414289756000,42.37351016,-71.11913031
harvard,526190514211917825,1414288569000,38.22954606,-85.51627485
harvard,526189898827460608,1414288422000,42.37351016,-71.11913031
harvard,526185734344933377,1414287429000,3.14714227,101.71536406
harvard,526182010969423872,1414286542000,-26.98889598,-48.63722926
harvard,526181956388536320,1414286529000,42.30213326,-71.12303133
harvard,526180492542889984,1414286180000,42.37351016,-71.11913031
harvard,526179850667966464,1414286027000,33.434204,-111.99563197
harvard,526178512487870464,1414285707000,42.37449938,-71.11729078
harvard,526175595265134593,1414285012000,34.04667499,-117.9077777
harvard,526169753971220480,1414283619000,43.0774285,141.34447875
harvard,526168272774103040,1414283266000,40.34566638,-74.65048497
harvard,526164451855433729,1414282355000,42.36792713,-71.1154942
harvard,526164289380712449,1414282316000,44.88665111,-63.51456058
harvard,526164108090298371,1414282273000,44.8866698,-63.51450917
harvard,526164046664695809,1414282259000,35.0440422,-79.0840033
harvard,526163771363180544,1414282193000,36.71893061,-81.92059885
harvard,526162037710540800,1414281780000,42.37467597,-71.117415
harvard,526161874979938304,1414281741000,41.45431066,-81.55952756
harvard,526160762641739777,1414281476000,42.34643502,-71.09734485
harvard,526159751479308288,1414281234000,42.37345278,-71.1204425
harvard,526157826679656448,1414280776000,42.37351016,-71.11913031
harvard,526157574010585088,1414280715000,42.37528787,-71.11808061
harvard,526156964477558784,1414280570000,30.46522724,-90.91354882
harvard,526152962356555776,1414279616000,42.3760626,-71.1154204
harvard,526144127009042432,1414277509000,39.40364863,-76.94349676
harvard,526140988276740096,1414276761000,27.81747794,-82.3445706
harvard,526140429893640192,1414276628000,40.75551127,-73.9814988
harvard,526138587495301120,1414276189000,42.4451773,-73.2541209
harvard,526134252250087424,1414275155000,51.48354368,-0.13413864
harvard,526134095080747010,1414275118000,40.75551127,-73.9814988
harvard,526132333037252608,1414274697000,42.30406687,-71.39628947
harvard,526131870111895552,1414274587000,42.35205227,-71.08670047
harvard,526131503638786049,1414274500000,51.48546796,-0.13098745
harvard,526130937361625089,1414274365000,40.80630451,-73.69940447
harvard,526130265895469056,1414274205000,51.48353204,-0.1341503
harvard,526130198929227776,1414274189000,51.48353204,-0.1341503
harvard,526128870798667777,1414273872000,40.80635438,-73.69946508
harvard,526128010844332032,1414273667000,34.26443864,-118.52782932
harvard,526127769529233409,1414273609000,42.355438,-71.132757
harvard,526126570139033600,1414273323000,42.3609478,-71.1303463
harvard,526124802793562112,1414272902000,42.13110509,-89.26981604
harvard,526123154658586624,1414272509000,40.80630574,-73.6994484
harvard,526121849370202112,1414272198000,41.44976491,-81.55841751
harvard,526119645578031104,1414271672000,42.37351016,-71.11913031
harvard,526119550451212289,1414271650000,34.67609835,-84.47865633
harvard,526117714931089409,1414271212000,29.82734253,-95.38063894
harvard,526116466911748096,1414270915000,37.92758143,-122.35152479
harvard,526116346032295937,1414270886000,42.37627697,-71.11682773
harvard,526111658180358144,1414269768000,42.13122399,-89.26976047
harvard,526111236316868608,1414269668000,35.40450085,-119.11646188
harvard,526107764368900096,1414268840000,34.10438617,-118.305345
harvard,526106717688700929,1414268590000,38.85590605,-77.04118508
harvard,526105259534741504,1414268243000,30.6006229,-96.3392895
harvard,526104118667255808,1414267971000,34.10438617,-118.305345
harvard,526103045827207169,1414267715000,33.530753,-82.1423868
harvard,526102684408250368,1414267629000,42.37351016,-71.11913031
harvard,526097430929244160,1414266376000,42.36821381,-71.12705289
harvard,526096967722872832,1414266266000,42.37404917,-71.11707687
harvard,526096407238037504,1414266132000,41.69878451,-88.87690955
harvard,526095791635435521,1414265985000,37.3301152,-121.8886912
harvard,526094293162029056,1414265628000,42.36818687,-71.12747718
harvard,526093657397424128,1414265476000,25.05026474,121.52489913
harvard,526092975265153024,1414265314000,34.041503,-118.2463406
harvard,526092316667154432,1414265157000,47.62348667,-122.3236394
harvard,526091393022693376,1414264937000,34.041503,-118.2463406
harvard,526090513225900032,1414264727000,33.65293458,-111.86941149
harvard,526090303737200640,1414264677000,40.3457576,-74.64976692
harvard,526090275479769091,1414264670000,34.041503,-118.2463406
harvard,526088279477587969,1414264194000,34.041503,-118.2463406
harvard,526088164033966080,1414264167000,40.34575913,-74.64996457
harvard,526087950833315841,1414264116000,40.3457576,-74.64976692
harvard,526087447382609920,1414263996000,42.94249943,-78.83167494
harvard,526085311223586816,1414263487000,42.26249536,-78.66718425
harvard,526084928635957249,1414263395000,40.34528065,-74.65045349
harvard,526084472228544512,1414263287000,40.34560607,-74.65029524
harvard,526082277353480192,1414262763000,40.3457576,-74.64976692
harvard,526081815489310720,1414262653000,42.37483012,-71.118482
harvard,526081294611283970,1414262529000,42.37500644,-71.11868276
harvard,526080701595414528,1414262388000,40.34546957,-74.64946794
harvard,526080293388967936,1414262290000,42.29991394,-71.06202227
harvard,526078747313577985,1414261922000,34.10189519,-118.30438519
harvard,526076880651169792,1414261477000,48.14758618,11.58561958
harvard,526076874133614592,1414261475000,40.34644527,-74.65007479
harvard,526074647130173441,1414260944000,42.35457,-71.09132
harvard,526074450161455104,1414260897000,34.0166221,-84.18420852
harvard,526073789072039937,1414260739000,51.48699623,-0.13017691
harvard,526072526741327872,1414260438000,-4.0347785,39.6632605
harvard,526072480239071233,1414260427000,42.37351016,-71.11913031
harvard,526072191985917953,1414260359000,35.15005647,-106.55012156
harvard,526071596251766784,1414260217000,33.77182001,-118.10368736
harvard,526068822554726401,1414259555000,42.45287265,-70.96211878
harvard,526066711733092353,1414259052000,42.37486478,-71.11609932
harvard,526064813047574528,1414258599000,40.34616858,-74.64968151
harvard,526064224779665408,1414258459000,42.37351016,-71.11913031
harvard,526063606258204672,1414258312000,34.10438617,-118.305345
harvard,526057945470353409,1414256962000,40.34570354,-74.65028409
harvard,526057664925925376,1414256895000,40.34588297,-74.6496821
harvard,526057267222020097,1414256800000,40.3461975,-74.65026582
harvard,526057071968780288,1414256754000,42.37351016,-71.11913031
harvard,526056180469100544,1414256541000,42.37351016,-71.11913031
harvard,526054560381796352,1414256155000,14.6042,120.9822
harvard,526049527741317120,1414254955000,42.37421655,-71.12074293
harvard,526048865783676928,1414254797000,40.34543097,-74.65033019
harvard,526045158081839104,1414253913000,42.36514742,-71.12216522
harvard,526042344370737152,1414253242000,40.74729445,-73.98822061
harvard,526039738839752704,1414252621000,36.84458617,-76.07468057
harvard,526037217362575360,1414252020000,42.33555603,-71.10389709
harvard,526034600339189760,1414251396000,42.35493062,-71.0596043
harvard,526034240144961537,1414251310000,39.95119128,-75.19868262
harvard,526033034903306240,1414251023000,42.37467597,-71.117415
harvard,526025667943493632,1414249266000,2.9998047,101.4912717
harvard,526024711784767488,1414249039000,16.1203006,120.404105
harvard,526023091647168512,1414248652000,32.768625,-117.1264275
harvard,526023085003374593,1414248651000,41.41672593,-72.1058698
harvard,526021280584433664,1414248220000,32.80048341,-96.83160571
harvard,526016151596179457,1414246998000,42.37720975,-71.11218603
harvard,526015652130467841,1414246879000,42.3748522,-71.1182909
harvard,526014725063450624,1414246657000,-8.1237134,-34.9135639
harvard,526010419111284737,1414245631000,42.34955447,-71.05945618
harvard,526007991297114112,1414245052000,42.37625834,-71.11765465
harvard,526004409495732224,1414244198000,43.27545121,-71.59000465
harvard,526002197205487617,1414243671000,37.80350241,-122.25035431
harvard,526000001101885440,1414243147000,56.66426552,16.35399799
harvard,525996540129992704,1414242322000,27.9253685,-82.7808022
harvard,525994804262735872,1414241908000,27.9253685,-82.7808022
harvard,525982030413049856,1414238862000,52.50142923,13.3506593
harvard,525977633323225088,1414237814000,30.4541355,-86.6329364
harvard,525942803793469440,1414229510000,50.6423713,-3.35914357
harvard,525942011065409536,1414229321000,34.10189519,-118.30438519
harvard,525929817573974016,1414226414000,41.1392343,1.3376135
harvard,525920144187727873,1414224108000,-33.9536663,22.40715035
harvard,525899883040227329,1414219277000,30.3922228,-97.7647508
harvard,525885786365759488,1414215916000,47.5898467,-122.3934212
harvard,525881901111062528,1414214990000,42.37253341,-71.12163222
harvard,525875013170130945,1414213348000,42.37351016,-71.11913031
harvard,525874964835344385,1414213336000,42.3734835,-71.11546339
harvard,525873236723372033,1414212924000,34.06961878,-118.23468807
harvard,525864755714461696,1414210902000,34.03256828,-118.21460001
harvard,525862185659273217,1414210289000,18.3846776,-66.0891806
harvard,525855958551891969,1414208805000,39.52154541,-83.4401422
harvard,525851902462812160,1414207838000,39.79433308,-94.85044023
harvard,525847751423037442,1414206848000,-36.8614117,174.83683334
harvard,525847577296515073,1414206806000,42.10096054,-72.5564354
harvard,525842453748666369,1414205585000,29.67882796,-95.19075839
harvard,525842377701736451,1414205567000,36.12892292,-95.95737012
harvard,525841255016570882,1414205299000,29.67879585,-95.19104691
harvard,525841017556062208,1414205242000,42.372708,-71.116464
harvard,525839549193154563,1414204892000,42.36500912,-71.12876922
harvard,525838693454462977,1414204688000,43.57843827,-83.88923418
harvard,525837852710424576,1414204488000,34.15953429,-118.41753108
harvard,525836910522933249,1414204263000,42.37351016,-71.11913031
harvard,525836896228749312,1414204260000,44.10005865,-70.70121001
harvard,525836174519070720,1414204088000,41.3153713,-72.9170364
harvard,525835479871021057,1414203922000,42.40409739,-88.23459559
harvard,525831489972224004,1414202971000,42.40468907,-88.23507814
harvard,525822504799977472,1414200829000,42.36638889,-71.12722222
harvard,525821878347509760,1414200679000,43.7588232,-71.69024918
harvard,525821009954615296,1414200472000,42.36711744,-71.12730171
harvard,525819598419927040,1414200136000,42.37351016,-71.11913031
harvard,525816967916048384,1414199509000,33.4144143,-86.6897786
harvard,525816333653778432,1414199357000,42.5,-71.5833
harvard,525815246804746240,1414199098000,42.3783802,-71.11588395
harvard,525812009716035584,1414198326000,35.0794566,-106.6209472
harvard,525811870327123968,1414198293000,32.80141945,-96.8307918
harvard,525811465207685120,1414198197000,33.71374475,-84.36173572
harvard,525809988661686272,1414197845000,42.37595013,-71.11322742
harvard,525809794066972672,1414197798000,32.80142214,-96.83079577
harvard,525806919492333568,1414197113000,42.420879,-71.194021
harvard,525805268501004288,1414196719000,38.98776172,-77.09452644
harvard,525804549119164416,1414196548000,32.80148933,-96.83083256
harvard,525804472048812033,1414196529000,42.37243937,-71.11934133
harvard,525802146181447680,1414195975000,42.37354983,-71.11435175
harvard,525800341632479232,1414195545000,42.36551748,-71.09522374
harvard,525798613046554624,1414195132000,42.270679,-71.1180723
harvard,525798543811170304,1414195116000,42.37351016,-71.11913031
harvard,525798486487629825,1414195102000,32.80001011,-96.83033594
harvard,525796201535643648,1414194557000,42.37694723,-71.1184529
harvard,525796199278718976,1414194557000,34.08185392,-89.64908337
harvard,525794276958289920,1414194099000,38.89934432,-77.02918413
harvard,525793519252692992,1414193918000,42.36400397,-71.12394931
harvard,525792681088540672,1414193718000,32.79996419,-96.82885051
harvard,525789335413866496,1414192920000,42.37341961,-71.11899302
harvard,525783854800711680,1414191614000,33.94511569,-83.3784643
harvard,525783238602944512,1414191467000,42.378365,-71.11603671
harvard,525782004097622016,1414191172000,42.3741,-71.1171
harvard,525778896319688704,1414190432000,42.36692394,-71.12697875
harvard,525776421927809025,1414189842000,42.36680069,-71.1271474
harvard,525774869536206848,1414189471000,35.498302,-80.84907128
harvard,525772345156202496,1414188870000,39.26459551,-94.3973312
harvard,525769879929241600,1414188282000,42.3668908,-71.12695359
harvard,525769057052921857,1414188086000,42.36053517,-71.0552559
harvard,525767742541287424,1414187772000,40.05212281,-75.37316976
harvard,525765540296790017,1414187247000,30.24465536,-95.18320908
harvard,525762341107810304,1414186484000,40.75551127,-73.9814988
harvard,525762080423837697,1414186422000,42.37351016,-71.11913031
harvard,525761833891016704,1414186364000,42.37454763,-71.11737752
harvard,525761260621930497,1414186227000,42.37821166,-71.11911502
harvard,525759064446611456,1414185703000,42.37351016,-71.11913031
harvard,525759058704613376,1414185702000,33.63736247,-84.42375286
harvard,525758975351226368,1414185682000,38.65993778,-77.27770394
harvard,525753512488341504,1414184380000,32.5053224,-116.9234913
harvard,525748605836333056,1414183210000,40.18217148,-75.31348911
harvard,525746642067406850,1414182742000,42.37404917,-71.11707687
harvard,525745703487037440,1414182518000,42.37351016,-71.11913031
harvard,525745652773306368,1414182506000,32.615361,-96.677978
harvard,525745212664979457,1414182401000,33.0577984,-117.2492917
harvard,525744567858241536,1414182247000,42.65220049,-71.31868953
harvard,525743815324217345,1414182068000,39.97464556,-83.02583392
harvard,525743244546961409,1414181931000,36.90652328,-76.13215975
harvard,525740735984050177,1414181333000,42.37351016,-71.11913031
harvard,525738999667625984,1414180919000,42.37351016,-71.11913031
harvard,525738087511359488,1414180702000,38.90181532,-77.03733586
harvard,525737756677251072,1414180623000,41.80022476,-87.58862428
harvard,525736482733297664,1414180319000,6.249563,-75.571056
harvard,525735607931531264,1414180111000,53.96238708,-1.0667572
harvard,525733378746630144,1414179579000,32.90721481,-97.23915783
harvard,525730972726468608,1414179006000,0.0,0.0
harvard,525730971652726784,1414179005000,0.0,0.0
harvard,525727123386810369,1414178088000,34.21078049,-118.63767334
harvard,525721281988419586,1414176695000,42.38139619,-71.11937887
harvard,525718590927175682,1414176054000,42.26249536,-78.66718425
harvard,525717793086644224,1414175863000,40.35074569,-74.66146042
harvard,525716248366043137,1414175495000,43.56298263,-116.56695583
harvard,525715439482327041,1414175302000,42.37351016,-71.11913031
harvard,525715361715716096,1414175284000,39.32132606,-76.56736767
harvard,525711321182924800,1414174320000,42.37351016,-71.11913031
harvard,525710334221250560,1414174085000,42.3561185,-71.0552516
harvard,525709401752338433,1414173863000,41.81355605,-87.76185915
harvard,525705914805157890,1414173031000,42.37467597,-71.117415
harvard,525705543860486144,1414172943000,42.37561,-71.12214
harvard,525705539117154307,1414172942000,42.37351016,-71.11913031
harvard,525704401533800448,1414172671000,42.37162372,-71.11646521
harvard,525703102134247424,1414172361000,42.37490849,-71.1217819
harvard,525700584155131904,1414171760000,42.12196609,-71.2400623
harvard,525694323401437184,1414170268000,42.37351016,-71.11913031
harvard,525692298555064320,1414169785000,30.4222876,-97.710704
harvard,525691416895164416,1414169575000,40.57359273,49.67867491
harvard,525691020651274240,1414169480000,38.89715374,-77.01341677
harvard,525689886826057728,1414169210000,38.4226136,-82.4269232
harvard,525682240588877826,1414167387000,42.37351016,-71.11913031
harvard,525677532147101696,1414166264000,34.0288342,-96.382137
harvard,525676020318617600,1414165904000,42.37344333,-71.1191094
harvard,525674297457917953,1414165493000,43.07638529,-89.39822068
harvard,525670447795695616,1414164575000,42.37231353,-71.11903247
harvard,525666382168743936,1414163606000,32.78754153,-96.7948047
harvard,525666011320954880,1414163518000,42.37404917,-71.11707687
harvard,525664676328521728,1414163199000,32.78753608,-96.7947061
harvard,525662004158398464,1414162562000,42.37584627,-71.11648184
harvard,525661994234687488,1414162560000,30.28981317,-97.74601047
harvard,525661646380077056,1414162477000,36.8550026,-76.07444672
harvard,525660533916438528,1414162212000,32.91613276,-97.11995787
harvard,525657887796772864,1414161581000,50.03497867,-110.67392057
harvard,525654713803759617,1414160824000,29.16606164,-95.43088812
harvard,525653606238658561,1414160560000,32.79187757,-96.79661136
harvard,525653524391411712,1414160541000,42.53162568,-72.19003248
harvard,525652768741392384,1414160360000,21.4836417,-104.8989545
harvard,525651127149142018,1414159969000,4.2817523,100.9033439
harvard,525649551047532544,1414159593000,33.56359315,-86.75051389
harvard,525649283156963329,1414159529000,41.7482722,-86.1675772
harvard,525646107368382464,1414158772000,41.44865,-81.63884
harvard,525645643990065154,1414158662000,51.06228136,-114.14806365
harvard,525645324816486400,1414158586000,43.5498772,-116.5215763
harvard,525644839179001857,1414158470000,40.7511269,-73.96875686
harvard,525643244928270336,1414158090000,35.5870188,-80.8239496
harvard,525633629008191489,1414155797000,37.31916637,-121.80150344
harvard,525632568029614082,1414155544000,42.35886952,-71.12686107
harvard,525632452447207424,1414155517000,37.31917419,-121.8014672
harvard,525625410634391552,1414153838000,32.51781349,-82.63430303
harvard,525620427092402176,1414152650000,41.1330475,-73.94489
harvard,525619731252772866,1414152484000,25.96942088,-80.14512135
harvard,525618532424638464,1414152198000,42.37416667,-71.11472222
harvard,525618354498056192,1414152155000,53.95952829,-1.08434195
harvard,525617604216770560,1414151977000,43.23297854,-79.92289782
harvard,525605039604125696,1414148981000,42.37235778,-71.119342
harvard,525604855121866753,1414148937000,42.37589208,-71.11453959
harvard,525603834517671936,1414148694000,-6.90909,107.58308
harvard,525600310895468544,1414147853000,39.7507948,-104.9767907
harvard,525596576358887424,1414146963000,42.3316084,-71.082147
harvard,525592644286959616,1414146026000,44.6145411,-123.1114816
harvard,525585366724517888,1414144290000,5.31980753,100.26521594
harvard,525578177196728321,1414142576000,41.44865,-81.63884
harvard,525577902092333057,1414142511000,41.44865,-81.63884
harvard,525565750761635844,1414139614000,41.44865,-81.63884
harvard,525564967790325760,1414139427000,40.639807,22.937623
harvard,525564521495429120,1414139321000,40.4101799,-3.72801004
harvard,525562675888021504,1414138881000,19.13906203,72.83048433
harvard,525548179623010304,1414135424000,39.28573192,-76.91089147
harvard,525548096294768641,1414135405000,39.99626194,-83.0142029
harvard,525545757370511360,1414134847000,40.44613856,-79.96184561
harvard,525540863934746624,1414133680000,9.04486506,7.49653911
harvard,525528083185418241,1414130633000,47.8588661,-122.18960478
harvard,525526641783873537,1414130289000,38.38354223,-121.41857992
harvard,525525851870625792,1414130101000,34.10189519,-118.30438519
harvard,525520969977565184,1414128937000,34.1019484,-118.30431307
harvard,525520799479123968,1414128896000,31.71379028,34.98329638
harvard,525517413111328768,1414128089000,39.71901828,-75.05287679
harvard,525516034187722752,1414127760000,60.26546989,24.98744126
harvard,525514867982499841,1414127482000,51.03431051,-114.06796819
harvard,525513476379512832,1414127151000,33.90456947,-117.98245903
harvard,525510714329296897,1414126492000,47.6155952,-122.1105759
harvard,525507244126109696,1414125665000,34.28179192,-118.3786521
harvard,525506121612546048,1414125397000,47.3764199,-122.03204536
harvard,525491423022284800,1414121893000,37.53812189,-121.95144785
harvard,525488700294430720,1414121243000,33.675342,-84.75767023
harvard,525481023627591681,1414119413000,41.71086515,-72.20829629
harvard,525473427117719552,1414117602000,29.54412636,-95.35290414
harvard,525472698776829953,1414117428000,42.37261985,-71.11642261
harvard,525472327916466176,1414117340000,33.97693222,-117.33915953
harvard,525467581210038274,1414116208000,44.8970598,-93.0115083
harvard,525467372552212480,1414116158000,38.8087374,-77.1384273
harvard,525466040177033217,1414115841000,42.3205621,-71.19211482
harvard,525465990084431873,1414115829000,53.40642577,-2.97693153
harvard,525463629735665664,1414115266000,40.74712382,-73.99516008
harvard,525463603613532160,1414115260000,41.97837938,-87.71233867
harvard,525463555412590592,1414115248000,33.70816899,-117.79910088
harvard,525462459852013569,1414114987000,49.34261236,-123.0608369
harvard,525461662355443713,1414114797000,41.6577422,-91.5216833
harvard,525459854325207040,1414114366000,52.73217259,-1.10862295
harvard,525459476963287040,1414114276000,22.3048404,114.1708825
harvard,525458176632979456,1414113966000,40.6634662,-73.63902329
harvard,525457860533436416,1414113891000,45.5135669,-122.6889639
harvard,525457052458835968,1414113698000,41.3155163,-72.9170417
harvard,525453452219281411,1414112840000,45.4481563,-75.5256602
harvard,525449555899584512,1414111911000,42.37351016,-71.11913031
harvard,525445453421490176,1414110933000,42.3561185,-71.0552516
harvard,525442635339530240,1414110261000,34.06200244,-118.25050087
harvard,525439231460921345,1414109449000,35.59546056,-97.56834039
harvard,525436657680809987,1414108835000,29.94397397,-82.11589856
harvard,525436329979805696,1414108757000,42.91837592,-83.60558979
harvard,525431366750855168,1414107574000,39.75075846,-104.99693602
harvard,525422478391521281,1414105455000,42.42051399,-88.61501415
harvard,525421190073294848,1414105148000,27.2732765,-82.5349345
harvard,525418248897331202,1414104447000,51.74458,-2.20992
harvard,525414890891403264,1414103646000,36.2970005,-115.1766397
harvard,525413817875202049,1414103390000,42.39505577,-71.14007861
harvard,525413610886279168,1414103341000,42.39505577,-71.14007866
harvard,525410675934642177,1414102641000,29.8352403,121.5485667
harvard,525409539437654016,1414102370000,53.53459414,-2.42958428
harvard,525406034220052480,1414101534000,42.37236808,-71.11938049
harvard,525400802958274561,1414100287000,40.7431033,-73.9881676
harvard,525399246154264576,1414099916000,56.516675,-2.8492
harvard,525392090533228545,1414098210000,42.37330831,-71.12027387
harvard,525388921384235009,1414097454000,42.3487654,-71.0890849
harvard,525384658742444032,1414096438000,39.64040582,-79.9574254
harvard,525383951041708032,1414096269000,42.18449559,-70.98301311
harvard,525383621679808512,1414096191000,41.2944,-72.9195
harvard,525379155601653760,1414095126000,42.37351016,-71.11913031
harvard,525377491104710657,1414094729000,42.37363584,-71.12114489
harvard,525377204289814530,1414094661000,42.376929,-71.11926138
harvard,525371647617159168,1414093336000,45.51540416,-122.68631612
harvard,525371301935214593,1414093253000,42.37277562,-71.11688288
harvard,525369836130828288,1414092904000,5.60750013,5.19638894
harvard,525369719453675520,1414092876000,-33.93484278,151.17736561
harvard,525369625140539392,1414092854000,39.93997834,-75.16645509
harvard,525368804151660544,1414092658000,53.39070745,-1.47931458
harvard,525366572215717888,1414092126000,42.35057033,-71.05464234
harvard,525365024962117633,1414091757000,42.25184801,-71.00331397
harvard,525364527828066306,1414091638000,32.6994194,-96.8775271
harvard,525364175108050944,1414091554000,42.37351016,-71.11913031
harvard,525364050314944513,1414091525000,42.37351016,-71.11913031
harvard,525361790402953216,1414090986000,36.13355927,-115.1882909
harvard,525361184644820992,1414090841000,40.66602712,-73.95124932
harvard,525360457583190016,1414090668000,36.11376971,-80.06988006
harvard,525357797366853633,1414090034000,34.68077811,-82.83396999
harvard,525354620944936960,1414089276000,42.37600619,-71.12222389
harvard,525354398047035392,1414089223000,40.48720524,-78.38660134
harvard,525354130114875393,1414089159000,42.37596161,-71.1222099
harvard,525353858441424896,1414089095000,38.77768016,-95.1904193
harvard,525348212903653376,1414087749000,32.7786352,-97.4797291
harvard,525345488653262849,1414087099000,41.4428221,-81.4926122
harvard,525343224765095936,1414086559000,39.7808045,-75.1202964
harvard,525337163622543361,1414085114000,32.67346821,-97.44907849
harvard,525337154935717888,1414085112000,14.61231699,120.98581755
harvard,525336814912294912,1414085031000,1.36586314,103.97522328
harvard,525335179301113857,1414084641000,25.78413138,-80.19084156
harvard,525334728858415104,1414084534000,34.04342433,-118.26111006
harvard,525331992830050304,1414083881000,33.17441446,-96.74975904
harvard,525331327089147905,1414083723000,40.75556617,-73.98141031
harvard,525329220197957633,1414083220000,42.05172872,-70.72271534
harvard,525327780943507458,1414082877000,39.80753778,-86.15738909
harvard,525327521978781696,1414082816000,42.76684709,-71.46024138
harvard,525327460490305537,1414082801000,34.30061631,-118.83473205
harvard,525327309847683072,1414082765000,39.80754601,-86.15759851
harvard,525327131065470976,1414082722000,42.36514742,-71.12216522
harvard,525325003928403969,1414082215000,42.36400397,-71.12394931
harvard,525324255366770688,1414082037000,5.61968759,-0.19009016
harvard,525321527269801984,1414081386000,34.04322759,-118.26975079
harvard,525321366007205889,1414081348000,55.0640559,-6.9067746
harvard,525319786805620736,1414080971000,43.0934235,-88.0746745
harvard,525317847363633152,1414080509000,42.37275333,-71.12102783
harvard,525317673732030464,1414080468000,42.37700829,-71.11439049
harvard,525315670209470464,1414079990000,42.37351016,-71.11913031
harvard,525315105559281664,1414079855000,47.84124829,-122.20570767
harvard,525313827332976641,1414079550000,50.8647915,-0.0800297
harvard,525312616457981952,1414079262000,43.67811264,-79.39014797
harvard,525311971604692992,1414079108000,37.67609006,-113.06919142
harvard,525306069372129281,1414077701000,33.74524482,-84.4114863
harvard,525304799437545474,1414077398000,40.756518,-73.986667
harvard,525303502529363968,1414077089000,40.89488784,-73.94239982
harvard,525297483753476096,1414075654000,39.99874523,-76.35345262
harvard,525295206917492736,1414075111000,42.37351016,-71.11913031
harvard,525293479849918465,1414074699000,34.3214359,-84.5526426
harvard,525290998076047362,1414074108000,41.44976491,-81.55841751
harvard,525288718429880320,1414073564000,30.55301127,-87.88255143
harvard,525288203608412160,1414073441000,35.13387995,-90.0203503
harvard,525286441547751424,1414073021000,51.64469716,-3.00471397
harvard,525278947811270657,1414071235000,33.76173425,-84.39629355
harvard,525275736169799680,1414070469000,42.34899339,-71.09541833
harvard,525269297284018176,1414068934000,30.22634447,-92.03603611
harvard,525267780049059840,1414068572000,32.60646445,-85.49376028
harvard,525264962764406784,1414067900000,42.35014068,-71.13137082
harvard,525264383086444544,1414067762000,42.38875689,-71.11920497
harvard,525262089011871744,1414067215000,40.75556617,-73.98141031
harvard,525258173100621824,1414066281000,34.6685495,-77.3386418
harvard,525258013851287552,1414066243000,45.33221446,-66.16554982
harvard,525254822199820288,1414065483000,25.65448988,-100.29325467
harvard,525254732575944704,1414065461000,41.22369722,-73.72112103
harvard,525253176644362240,1414065090000,40.6607739,-73.990484
harvard,525251098630569985,1414064595000,26.1307921,-80.40444578
harvard,525250786809638912,1414064520000,40.711912,-73.648066
harvard,525247515931574273,1414063741000,14.4481076,120.9293365
harvard,525247466329751552,1414063729000,-37.7480521,144.9084619
harvard,525241372698505216,1414062276000,36.84397865,30.60059165
harvard,525241068284309504,1414062203000,42.35064882,-71.06911362
harvard,525240384252039168,1414062040000,42.35060912,-71.0691488
harvard,525240213149192192,1414061999000,41.975329,-87.652273
harvard,525238210981400577,1414061522000,18.5014761,73.7477517
harvard,525235532947656704,1414060884000,-6.93561,107.6182
harvard,525225134215663616,1414058404000,53.34189354,-6.22878465
harvard,525216584886145024,1414056366000,16.38410188,120.59414383
harvard,525214495619051524,1414055868000,42.37717,-71.11666
harvard,525208840631906304,1414054520000,29.78145588,76.92084292
harvard,525200565937381376,1414052547000,50.10892547,14.26874391
harvard,525200413776019456,1414052511000,-6.90084,107.65228
harvard,525193942296702976,1414050968000,34.10501214,-118.30445967
harvard,525188165825724416,1414049590000,47.66269624,-122.30839924
harvard,525169669620371456,1414045181000,-1.9514773,30.0822922
harvard,525161390118428672,1414043207000,14.06568298,100.60095832
harvard,525155895748341760,1414041897000,38.3321648,-122.30995462
harvard,525151296052269056,1414040800000,34.1019484,-118.30431307
harvard,525151010487279616,1414040732000,40.38732184,-78.67699773
harvard,525141845592928256,1414038547000,40.1917699,-92.5769164
harvard,525141381098921984,1414038436000,42.3561185,-71.0552516
harvard,525139503217131520,1414037988000,40.61625722,-73.98601198
harvard,525137353183334401,1414037476000,38.86277261,-77.36558566
harvard,525137022474657792,1414037397000,29.45073803,-98.56665243
harvard,525132501690630144,1414036319000,42.37351016,-71.11913031
harvard,525129758627999745,1414035665000,34.14149234,-118.26681324
harvard,525129420864905216,1414035585000,31.4596638,74.3837732
harvard,525126019351871488,1414034774000,33.5940621,-84.4511909
harvard,525125100698628098,1414034555000,27.9031537,-82.2061709
harvard,525124989931253761,1414034528000,40.75551127,-73.9814988
harvard,525124403097784320,1414034388000,27.9510372,-82.4645606
harvard,525123259323281408,1414034116000,34.10189519,-118.30438519
harvard,525122215558512640,1414033867000,41.06567039,-73.53326812
harvard,525120696431935488,1414033504000,32.71111662,-117.10022389
harvard,525120321205338112,1414033415000,49.19608837,-122.94204726
harvard,525119834619924480,1414033299000,40.34035559,-74.66281607
harvard,525114749848403969,1414032087000,36.70630395,-76.25467323
harvard,525110530093359104,1414031081000,43.8129681,-91.2330173
harvard,525110445213245440,1414031060000,40.1251087,-75.3205088
harvard,525109840067461121,1414030916000,37.86451077,-122.10876645
harvard,525106516157005825,1414030124000,41.09769367,-73.52178589
harvard,525106226011860992,1414030054000,45.15964737,-93.13378843
harvard,525105333094854657,1414029842000,34.9723404,-81.883839
harvard,525105037803274240,1414029771000,37.24387472,-93.25937413
harvard,525104881418641408,1414029734000,41.09766251,-73.52173427
harvard,525102422159802369,1414029148000,39.99360468,-74.75470655
harvard,525102030130798592,1414029054000,34.05971204,-84.76015673
harvard,525100249371922432,1414028630000,38.17431306,-85.63054106
harvard,525099194336706561,1414028378000,41.06182702,-80.04529797
harvard,525098941600509952,1414028318000,42.3740169,-71.11759895
harvard,525097926436347904,1414028076000,47.24619032,-93.53613476
harvard,525095329046474753,1414027456000,40.75541609,-73.98257238
harvard,525093230623215616,1414026956000,41.4886935,-90.494152
harvard,525090724602056704,1414026359000,-6.3625486,106.836929
harvard,525089715083821056,1414026118000,34.63833972,-82.53273944
harvard,525087363551477760,1414025557000,26.14292404,-80.28273095
harvard,525082852955004928,1414024482000,26.20475717,-80.1265859
harvard,525082197385289728,1414024326000,41.828182,-87.795697
harvard,525073363988135936,1414022220000,35.6007326,-77.36304111
harvard,525072906821574656,1414022111000,41.44921198,-81.58243805
harvard,525071784320978945,1414021843000,40.1113504,-75.37399102
harvard,525070655847661568,1414021574000,-26.1845014,28.0085488
harvard,525067634199384064,1414020853000,35.0759658,-92.4281222
harvard,525063027339841536,1414019755000,40.6160405,-74.01249429
harvard,525062104391626752,1414019535000,42.37309193,-71.13387136
harvard,525061158789992448,1414019310000,42.37698839,-71.11899924
harvard,525055650662199297,1414017996000,43.47205084,-79.72973652
harvard,525054767249518592,1414017786000,42.37592684,-71.11670114
harvard,525054176397897729,1414017645000,28.00933411,-97.06697445
harvard,525053011874553856,1414017367000,39.13019344,-76.87662193
harvard,525049453410263041,1414016519000,42.37351016,-71.11913031
harvard,525048833051721730,1414016371000,51.5450316,-0.19215731
harvard,525038320766570496,1414013865000,42.376634,-71.114731
harvard,525033219063050240,1414012648000,40.75325877,-74.04749614
harvard,525031743376875520,1414012296000,39.22496678,-84.2323846
harvard,525027276350840833,1414011231000,42.25794311,-71.12254179
harvard,525024369253175296,1414010538000,42.37698839,-71.11899924
harvard,525021474302615552,1414009848000,42.37351016,-71.11913031
harvard,525018242629505025,1414009078000,42.25786101,-71.12254255
harvard,525012284981391360,1414007657000,42.34388677,-71.10024405
harvard,525008211724607489,1414006686000,33.77635513,-118.16700864
harvard,525007367671656448,1414006485000,38.47279844,-77.46017421
harvard,525005975900524546,1414006153000,37.60255722,-122.37098606
harvard,525005827061854208,1414006117000,27.94444961,-82.46244583
harvard,525005470491484160,1414006032000,41.08173469,29.03369107
harvard,525003819550531584,1414005639000,53.40659425,-2.97757597
harvard,525003619884888064,1414005591000,42.33645112,-71.1036993
harvard,525003176161067008,1414005485000,52.43774667,-1.94139803
harvard,525001492106059776,1414005084000,38.98435784,-77.05896327
harvard,524998783747522561,1414004438000,19.3614007,-99.2596199
harvard,524995005723992064,1414003537000,42.37259472,-71.11966303
harvard,524994748386672640,1414003476000,43.15030403,-77.5874758
harvard,524993957760344064,1414003288000,43.15015174,-77.58745136
harvard,524990677336088576,1414002505000,30.43925912,-84.30791791
harvard,524989711559843840,1414002275000,42.37351016,-71.11913031
harvard,524988464182607872,1414001978000,42.37650619,-71.11971617
harvard,524985316130959360,1414001227000,42.3734916,-71.11924328
harvard,524983086295957504,1414000696000,42.3561185,-71.0552516
harvard,524981013257023488,1414000201000,36.11263466,-115.17961421
harvard,524979237850480640,1413999778000,38.9591664,-77.08476542
harvard,524976621598814208,1413999154000,53.61557735,-7.06396746
harvard,524974804424986625,1413998721000,51.56071109,0.20064671
harvard,524971509996322817,1413997936000,38.83136342,-77.30567006
harvard,524970690202828801,1413997740000,38.88772121,-77.00515426
harvard,524970660440080384,1413997733000,55.95836576,-3.28799615
harvard,524966905405538306,1413996838000,-33.7429842,-61.9647139
harvard,524966202649903105,1413996670000,42.37508238,-71.12153935
harvard,524963547139166210,1413996037000,32.58966302,-95.17920664
harvard,524963267702439936,1413995971000,42.2913065,-71.3065617
harvard,524962454007451648,1413995777000,42.67602804,-71.23333228
harvard,524958118237978624,1413994743000,42.37331997,-71.11896515
harvard,524956550054424576,1413994369000,42.37351016,-71.11913031
harvard,524953600939020289,1413993666000,42.31519938,-71.7944305
harvard,524952319616905218,1413993360000,34.64842573,-86.94823321
harvard,524951488599425024,1413993162000,45.1873725,5.76946564
harvard,524949878158659585,1413992778000,42.37351016,-71.11913031
harvard,524948742290817025,1413992507000,42.37351016,-71.11913031
harvard,524948066059571201,1413992346000,32.0746039,-96.4998366
harvard,524944080007360512,1413991396000,16.0371053,-61.7378079
harvard,524941068593528832,1413990678000,41.26494933,-85.80994394
harvard,524940737063186432,1413990599000,41.26496868,-85.80995512
harvard,524939065326854145,1413990200000,36.84399849,30.60040622
harvard,524937546829422594,1413989838000,32.4555551,-98.6831616
harvard,524937130213408768,1413989739000,42.37116951,-71.11636678
harvard,524936631946846210,1413989620000,42.37130417,-71.1160931
harvard,524936314009825282,1413989544000,40.75551127,-73.9814988
harvard,524930172156657664,1413988080000,39.71689557,-75.45651158
harvard,524930083878744065,1413988059000,2.7920103,101.7898032
harvard,524929035030499328,1413987809000,42.37493688,-71.11619711
harvard,524925775695589376,1413987032000,42.37351296,-71.12098148
harvard,524923750954041344,1413986549000,42.37351016,-71.11913031
harvard,524923160408231938,1413986408000,53.53925427,-113.49975684
harvard,524921353515048961,1413985977000,29.42461837,-98.49104166
harvard,524920047232626689,1413985666000,42.35886952,-71.12686107
harvard,524919477327384576,1413985530000,59.9143362,10.7399682
harvard,524918920613203968,1413985397000,50.72649936,-1.86109403
harvard,524917102923509760,1413984964000,0.0,0.0
harvard,524917101417750528,1413984964000,0.0,0.0
harvard,524913717914660866,1413984157000,42.36271713,-71.08914791
harvard,524910092534423552,1413983293000,-34.903335,-57.9510948
harvard,524900527029891072,1413981012000,42.36940678,-71.11616128
harvard,524899618652303360,1413980795000,42.3561185,-71.0552516
harvard,524896580198223872,1413980071000,36.80124667,34.63459772
harvard,524895529327931393,1413979820000,39.15210055,-76.91225552
harvard,524894934391062528,1413979679000,39.15210055,-76.91225552
harvard,524894731843944448,1413979630000,39.15213102,-76.91225435
harvard,524894449382739968,1413979563000,39.15211618,-76.91225809
harvard,524894299297955840,1413979527000,39.152202,-76.91225701
harvard,524894156296962048,1413979493000,41.44847,-81.68957
harvard,524892379892166657,1413979070000,42.3640199,-71.0887559
harvard,524891923790966784,1413978961000,39.15225257,-76.91225197
harvard,524888218596945922,1413978077000,42.36638889,-71.12722222
harvard,524885845602742272,1413977512000,40.36485094,-80.03915346
harvard,524885216830046208,1413977362000,-6.93442,107.62072
harvard,524883746982744064,1413977011000,42.373616,-71.109733
harvard,524875109094658049,1413974952000,42.36638889,-71.12722222
harvard,524871495785275392,1413974090000,41.4491,-81.584
harvard,524870077276237824,1413973752000,42.33645112,-71.1036993
harvard,524839596765360128,1413966485000,-1.28706879,36.81455352
harvard,524837082775425024,1413965886000,34.10189519,-118.30438519
harvard,524835237633986560,1413965446000,34.13371254,-117.6467817
harvard,524834592050532352,1413965292000,42.373627,-71.10439
harvard,524833841996107776,1413965113000,34.13354591,-117.64657396
harvard,524831813035098112,1413964629000,34.13363698,-117.64667817
harvard,524827589249343488,1413963622000,36.84397865,30.60059165
harvard,524825830476623872,1413963203000,37.33411537,-121.9843863
harvard,524821270240563200,1413962116000,37.3169375,-121.76400796
harvard,524820163536125953,1413961852000,28.5703301,-81.3894234
harvard,524819254689136640,1413961635000,36.22417734,-81.64544212
harvard,524809991182888960,1413959427000,35.18185508,-111.6716347
harvard,524796591597580288,1413956232000,38.33794494,-122.66981136
harvard,524795389967622144,1413955945000,52.37949913,-1.56855493
harvard,524787189226700800,1413953990000,33.9809117,-116.9127112
harvard,524786127295623168,1413953737000,34.05161048,-118.24533538
harvard,524783712668745728,1413953161000,40.7518358,-73.9759282
harvard,524782849057382401,1413952955000,44.97326173,-93.21937359
harvard,524782237774921728,1413952810000,34.05161048,-118.24533538
harvard,524782221006077952,1413952806000,34.05161048,-118.24533538
harvard,524782049203191808,1413952765000,34.0226564,-118.4215643
harvard,524781973039230977,1413952747000,34.04826752,-118.29800275
harvard,524781247844081664,1413952574000,42.09960176,-72.55712367
harvard,524780579502297088,1413952414000,37.334427,-121.995079
harvard,524779939951017984,1413952262000,29.9578698,-93.9834599
harvard,524778117974720512,1413951827000,51.1144592,-114.0680641
harvard,524774190776188928,1413950891000,38.05668735,-121.33008563
harvard,524770659755642881,1413950049000,40.05202713,-75.37315165
harvard,524770389298528256,1413949985000,41.74798031,-111.8143528
harvard,524769514903572480,1413949776000,41.0163739,-74.3343787
harvard,524766486540201984,1413949054000,34.05161048,-118.24533538
harvard,524765655996702721,1413948856000,42.56313787,-83.7526448
harvard,524765029199917057,1413948707000,34.03885324,-118.28862057
harvard,524764465792032768,1413948572000,41.690472,-87.7011354
harvard,524761754472296449,1413947926000,33.74656992,-84.37682524
harvard,524759165374570496,1413947309000,40.60691191,-74.02857953
harvard,524759089986154496,1413947291000,43.9374556,-78.849202
harvard,524757496620392448,1413946911000,34.024109,-118.2888121
harvard,524747971758686209,1413944640000,42.35011516,-71.07798979
harvard,524744671176957953,1413943853000,34.2557129,-80.5973937
harvard,524744256997847041,1413943754000,42.34347606,-71.1168352
harvard,524744019033997312,1413943698000,42.37055096,-71.11229687
harvard,524743474261024768,1413943568000,32.91134818,-97.45227727
harvard,524739411251326978,1413942599000,42.3675978,-71.12459536
harvard,524739100109074433,1413942525000,42.37397018,-71.11849982
harvard,524737851565834241,1413942227000,19.4361966,-99.13090172
harvard,524735867790053376,1413941754000,40.72928139,-73.99109799
harvard,524731644759261184,1413940747000,34.18080116,-118.42653967
harvard,524730873716154368,1413940563000,-26.2500575,27.8935581
harvard,524730062525181952,1413940370000,33.61401435,-111.98502199
harvard,524728912329199619,1413940096000,40.6780519,-122.3594693
harvard,524728158172372992,1413939916000,-33.8657452,151.21130927
harvard,524728081115021313,1413939898000,-23.567986,-46.595403
harvard,524727681368461312,1413939802000,40.1364937,-75.3996254
harvard,524725013321375744,1413939166000,35.77512288,-91.64248709
harvard,524723632753618945,1413938837000,41.14162977,-73.96594119
harvard,524723082674860032,1413938706000,41.01810582,-76.45254892
harvard,524721405838254080,1413938306000,42.37404917,-71.11707687
harvard,524719930068180992,1413937954000,42.37944283,-71.10558728
harvard,524719355909910528,1413937817000,42.37402554,-71.11567688
harvard,524717469102243841,1413937368000,40.20971254,-74.29535768
harvard,524714579818201089,1413936679000,42.38157112,-71.12669314
harvard,524714441204834304,1413936646000,42.37152218,-71.11636441
harvard,524711790245314561,1413936014000,40.7081186,-73.9428603
harvard,524708642562797569,1413935263000,36.08051972,-94.12281284
harvard,524707642468732930,1413935025000,37.3214613,-121.89910674
harvard,524707336062238720,1413934952000,42.33519337,-71.10234291
harvard,524705284057731073,1413934462000,40.5171687,-88.9913613
harvard,524704347943624704,1413934239000,27.9350632,-82.5228494
harvard,524701738851262464,1413933617000,27.94828731,-82.46460062
harvard,524688980663869440,1413930575000,49.20845279,-2.14293111
harvard,524686309097361408,1413929938000,-44.39723615,171.25289101
harvard,524684034786746368,1413929396000,45.50591249,-73.57149898
harvard,524674503960715264,1413927124000,40.7351695,-74.1406094
harvard,524672913426120705,1413926745000,42.36554899,-71.09748682
harvard,524672376232226816,1413926617000,42.37351016,-71.11913031
harvard,524671734000386048,1413926463000,42.37444444,-71.11805556
harvard,524671494547603457,1413926406000,0.0,0.0
harvard,524671493641605120,1413926406000,0.0,0.0
harvard,524669587301085184,1413925952000,38.9024497,-77.0568542
harvard,524668992464908288,1413925810000,40.45063497,-74.5320581
harvard,524667649725591552,1413925490000,41.05023324,29.02356041
harvard,524665131360616450,1413924889000,-12.58025167,-38.01316902
harvard,524664638844452865,1413924772000,42.36971721,-71.11174364
harvard,524663365420204032,1413924468000,41.308718,-81.4405423
harvard,524662748064804865,1413924321000,41.40641872,-72.11715956
harvard,524658721054789632,1413923361000,51.62391,-0.7864363
harvard,524657141395623936,1413922984000,37.75679823,-122.50225209
harvard,524653400114225152,1413922092000,4.81916,100.9603941
harvard,524652815546089473,1413921953000,32.55115282,-116.93768548
harvard,524650444719927296,1413921388000,43.28190984,-2.17393673
harvard,524646579278737409,1413920466000,40.0202429,-105.2806435
harvard,524646310268633088,1413920402000,42.36800026,-71.07513852
harvard,524644782673383424,1413920038000,32.7793418,-96.6898419
harvard,524641790142709760,1413919324000,39.19372088,-84.39755963
harvard,524640979467640833,1413919131000,18.36347639,-66.18324762
harvard,524640661052854273,1413919055000,30.550006,-87.2180205
harvard,524639739371352064,1413918835000,42.37351016,-71.11913031
harvard,524636668641685504,1413918103000,42.37019059,-71.10812899
harvard,524627919172538368,1413916017000,34.13944357,-118.41292977
harvard,524624164452597761,1413915122000,19.41839667,-99.1600195
harvard,524623967999389696,1413915075000,26.1320802,50.5758707
harvard,524622442225213440,1413914711000,0.0,0.0
harvard,524607970169327616,1413911261000,42.37351016,-71.11913031
harvard,524606012612173824,1413910794000,25.96943639,-80.37454036
harvard,524605890197196800,1413910765000,42.37351016,-71.11913031
harvard,524602049825349632,1413909849000,35.6087863,-77.3675785
harvard,524601689425600513,1413909764000,40.75512279,-73.98061218
harvard,524600840947240960,1413909561000,42.37356886,-71.11822478
harvard,524592418742878208,1413907553000,30.2864838,-81.5349921
harvard,524589849266118656,1413906941000,38.02887406,-78.48145322
harvard,524587451063746561,1413906369000,38.02889002,-78.48146521
harvard,524581764019130371,1413905013000,36.10604408,-115.13979478
harvard,524577655325077504,1413904033000,27.2463694,-80.8043524
harvard,524570232523075585,1413902264000,42.34234234,-71.10834048
harvard,524567183503151104,1413901537000,42.36583228,-71.17114458
harvard,524562756356538368,1413900481000,40.81069874,-73.96163547
harvard,524559366234849280,1413899673000,51.50775955,-0.08641266
harvard,524554583566057473,1413898533000,44.89454374,-92.92731142
harvard,524554119131172865,1413898422000,30.61120131,-96.3098553
harvard,524552872030396417,1413898125000,51.49451559,-3.17811237
harvard,524552729134637057,1413898091000,26.10815518,-80.18158346
harvard,524550687158718464,1413897604000,51.49446927,-3.17806079
harvard,524535645872865280,1413894018000,39.91634938,-75.07491641
harvard,524534416253923328,1413893724000,2.7813496,101.7789034
harvard,524525874918735873,1413891688000,42.74667625,-73.92761132
harvard,524517570750480385,1413889708000,42.37270232,-71.11830775
harvard,524515466694643712,1413889206000,41.8098622,-88.109104
harvard,524507209183817728,1413887238000,52.5917701,-1.8630067
harvard,524473139708051456,1413879115000,20.88508504,-156.34087013
harvard,524471484262010881,1413878720000,3.21156631,101.61600429
harvard,524470304492367872,1413878439000,41.66966929,44.96496711
harvard,524463925904277504,1413876918000,38.95940718,-77.12891603
harvard,524459282822348800,1413875811000,0.0,0.0
harvard,524453593869320192,1413874455000,-6.90171,107.65169
harvard,524444567957811200,1413872303000,31.82023831,-106.54752437
harvard,524441841597304832,1413871653000,33.7427049,-117.79806549
harvard,524426105642446848,1413867901000,33.87280624,-117.91163798
harvard,524425028491030529,1413867644000,29.583485,-98.6270301
harvard,524421954086793218,1413866911000,42.36853,-71.11807
harvard,524417496053338113,1413865848000,-37.92175514,144.99381448
harvard,524416174365224960,1413865533000,29.53246005,-95.3034567
harvard,524415781207937025,1413865440000,-27.4962456,153.0139336
harvard,524415074258395136,1413865271000,40.74863498,-111.85749408
harvard,524411981345083394,1413864534000,41.7832466,-87.6010195
harvard,524410025369157633,1413864067000,33.70457004,-117.79982893
harvard,524408280991694849,1413863651000,0.0,0.0
harvard,524406684824133632,1413863271000,0.0,0.0
harvard,524406371555770368,1413863196000,38.95742193,-77.02507901
harvard,524401873126563840,1413862124000,29.7971163,-95.1660273
harvard,524401790838919168,1413862104000,42.37351016,-71.11913031
harvard,524400971678777344,1413861909000,34.0215407,-117.5947868
harvard,524400838941605888,1413861877000,42.37351016,-71.11913031
harvard,524397324316209152,1413861039000,42.37351016,-71.11913031
harvard,524393637665591296,1413860160000,39.7139759,-94.7977914
harvard,524392893293686784,1413859983000,39.72853116,-121.85122772
harvard,524392379822772226,1413859860000,37.93384877,-122.33772679
harvard,524389536215097344,1413859182000,42.23973254,-71.16390137
harvard,524380557082624000,1413857041000,43.30197926,-70.58360596
harvard,524380414048075776,1413857007000,41.44921198,-81.58243805
harvard,524379737997967360,1413856846000,38.7742494,-85.398031
harvard,524379599451344897,1413856813000,29.89194545,-95.70028756
harvard,524379349223346177,1413856754000,29.84784091,-95.48166869
harvard,524378647004585984,1413856586000,29.7971396,-95.1659678
harvard,524378443522506753,1413856538000,29.61516186,-95.75126901
harvard,524378377520963584,1413856522000,40.4420006,-79.95617699
harvard,524376681482833920,1413856117000,44.17009195,-77.38009505
harvard,524375931990077441,1413855939000,39.42225885,-76.78733488
harvard,524375778293977089,1413855902000,-5.3675769,-49.1253533
harvard,524375396809449473,1413855811000,42.4038206,-71.120176
harvard,524371408982663168,1413854860000,47.62500602,-122.32171187
harvard,524370233721487360,1413854580000,33.83471263,-117.86638154
harvard,524369803054960641,1413854478000,42.20814605,-72.56566655
harvard,524369065121292288,1413854302000,27.5247409,-97.8863537
harvard,524366411238760448,1413853669000,42.34868639,-71.09789003
harvard,524366251259224064,1413853631000,29.6532105,-95.499847
harvard,524366167327395840,1413853611000,39.92707213,-75.17102553
harvard,524365334904442881,1413853412000,33.8262164,-116.3985575
harvard,524365326814019584,1413853410000,30.3959941,-97.70623419
harvard,524365291716096002,1413853402000,37.98699145,-84.58406441
harvard,524365078364045312,1413853351000,29.5591943,-95.548693
harvard,524365010920034305,1413853335000,39.87407918,-75.33444143
harvard,524364934386556928,1413853317000,40.48937738,-79.97283537
harvard,524364897589534721,1413853308000,35.76406103,139.53602896
harvard,524364115670622210,1413853122000,34.61403026,-118.21367391
harvard,524363406296768512,1413852952000,43.10279465,-73.58647738
harvard,524360559438069760,1413852274000,42.79711693,-71.12835761
harvard,524359370843635713,1413851990000,39.9557308,-75.60739306
harvard,524356596886155264,1413851329000,42.35033412,-71.10448208
harvard,524356505207054337,1413851307000,42.35033311,-71.10453231
harvard,524355627859312641,1413851098000,34.10189519,-118.30438519
harvard,524355252292956164,1413851008000,42.3503375,-71.1045614
harvard,524355006699675648,1413850950000,42.35018604,-71.10447058
harvard,524354150096977920,1413850746000,42.49876333,-71.58531167
harvard,524353707082018817,1413850640000,42.35723861,-83.06968341
harvard,524349604540981248,1413849662000,40.63982229,22.93756878
harvard,524345434752311296,1413848668000,32.99719969,-97.00180831
harvard,524342521322045440,1413847973000,32.35181486,-86.17402447
harvard,524341216385576960,1413847662000,33.97468419,-118.37312772
harvard,524340654726742017,1413847528000,32.783637,-96.807489
harvard,524337986574761984,1413846892000,42.43758883,-77.59900393
harvard,524335440414117888,1413846285000,37.54737266,-77.45465041
harvard,524330608219398144,1413845133000,42.37592684,-71.11670114
harvard,524330485896716288,1413845104000,42.37351016,-71.11913031
harvard,524328917155721217,1413844730000,39.70929468,-75.11873298
harvard,524328846485495808,1413844713000,42.37351016,-71.11913031
harvard,524326414275710981,1413844133000,42.36993553,-71.12793356
harvard,524323125891457025,1413843349000,42.41279989,-71.03131219
harvard,524322724382912515,1413843253000,42.37351016,-71.11913031
harvard,524318669925388288,1413842286000,42.51579953,-83.00047835
harvard,524317237184712705,1413841945000,42.28378053,-83.74062354
harvard,524317067739422720,1413841904000,42.37592684,-71.11670114
harvard,524312607378120704,1413840841000,40.75556617,-73.98141031
harvard,524311394158538753,1413840552000,43.14229569,-77.63295863
harvard,524306855850303489,1413839470000,53.79891384,-1.56152736
harvard,524306477951901696,1413839380000,41.4584,-81.6925
harvard,524303670142193665,1413838710000,37.7561606,-121.1433881
harvard,524303650022113282,1413838705000,41.44882,-81.62342
harvard,524302344645660672,1413838394000,33.91169122,-117.85522478
harvard,524301765693304832,1413838256000,42.37385298,-71.12079886
harvard,524300290250379265,1413837904000,33.376482,-111.900846
harvard,524296169963278338,1413836922000,38.892349,-104.8332439
harvard,524295386555375616,1413836735000,33.9609442,-117.57971952
harvard,524295357748883456,1413836728000,33.88555662,-118.09738163
harvard,524294187512889347,1413836449000,40.25154497,-74.29919862
harvard,524292715500949506,1413836098000,34.14660446,-118.60951425
harvard,524291827357057025,1413835887000,33.84804201,-118.19319232
harvard,524291688592703488,1413835854000,34.15805687,-118.28811706
harvard,524291228847058944,1413835744000,37.7944766,-122.40121873
harvard,524290865729003520,1413835657000,33.78492993,-118.17279041
harvard,524290082736332802,1413835471000,52.52556246,13.44933905
harvard,524288902274629632,1413835189000,40.75450277,-73.99315571
harvard,524287681992224768,1413834898000,42.36280508,-71.0911817
harvard,524286345942822914,1413834580000,36.16144999,-115.13946676
harvard,524284059036291072,1413834035000,53.53677188,-113.55958417
harvard,524283449549393921,1413833889000,42.10551668,-72.57962692
harvard,524280848624132096,1413833269000,51.51629497,-0.19591941
harvard,524278145332293632,1413832625000,42.37351016,-71.11913031
harvard,524276759270023168,1413832294000,33.8123034,-118.06984808
harvard,524275025025581056,1413831881000,30.82882883,-86.5962201
harvard,524266094908166144,1413829752000,42.37363642,-71.11981093
harvard,524265402595942400,1413829587000,42.37374,-71.119871
harvard,524261148401479680,1413828572000,47.53871155,-122.30433655
harvard,524256386293583872,1413827437000,42.37682778,-71.11936667
harvard,524255572720648192,1413827243000,27.9907283,-82.7414962
harvard,524255203952820225,1413827155000,42.37599903,-71.11651084
harvard,524253063419543552,1413826645000,40.7324051,-73.9942127
harvard,524253012655874048,1413826633000,32.22237166,-110.97117457
harvard,524251693723447296,1413826318000,42.37351016,-71.11913031
harvard,524246950406025217,1413825187000,48.85290048,2.35360356
harvard,524246636273209344,1413825112000,33.039278,-117.281869
harvard,524245528348221440,1413824848000,43.2610839,-79.9079571
harvard,524243833601925120,1413824444000,42.376389,-71.115868
harvard,524241732636905472,1413823943000,42.374382,-71.117333
harvard,524239536248090624,1413823420000,42.3367263,-71.1008082
harvard,524237490756927489,1413822932000,28.58657063,77.0663154
harvard,524237475376795649,1413822928000,42.35284013,-71.12013532
harvard,524234146928156672,1413822135000,36.15740126,-86.77737844
harvard,524231349339971584,1413821468000,39.8315013,-75.2135498
harvard,524230887429271552,1413821357000,42.37458,-71.11787
harvard,524229947972669440,1413821133000,42.37404917,-71.11707687
harvard,524229725217361920,1413821080000,42.37404917,-71.11707687
harvard,524227977333448704,1413820664000,37.39876755,-94.70654064
harvard,524227825474498561,1413820627000,33.5467828,-112.0398607
harvard,524225599418937344,1413820097000,39.96093733,-82.99399318
harvard,524224943995633665,1413819940000,47.20871317,-122.44181198
harvard,524221016940085248,1413819004000,33.474206,-112.034238
harvard,524203485412466688,1413814824000,23.2514581,-106.453791
harvard,524203484946505728,1413814824000,45.87081992,-95.37200924
harvard,524203348384567296,1413814792000,25.86376665,-80.12570076
harvard,524202606277570560,1413814615000,12.9846343,77.5818317
harvard,524201112317210624,1413814259000,42.36871,-71.11593
harvard,524180303213232129,1413809297000,42.37213002,-71.12309493
harvard,524160464306327552,1413804567000,43.23297854,-79.92289782
harvard,524151478966317057,1413802425000,40.74614906,-73.43108866
harvard,527127354506612736,1414511929000,23.187785,77.4439396
harvard,527126395647176705,1414511700000,42.38816213,-72.52921482
harvard,527126352701317120,1414511690000,31.522536,74.329901
harvard,527124832312651776,1414511328000,42.26249536,-78.66718425
harvard,527124718173048832,1414511300000,42.3733875,-71.12057516
harvard,527123405062295552,1414510987000,54.97335593,-1.60080889
harvard,527121151542439937,1414510450000,39.92358911,-75.4304428
harvard,527120495263887361,1414510294000,50.17102728,-5.12417217
harvard,527116189882134529,1414509267000,39.6330861,-79.9548095
harvard,527115258306240512,1414509045000,42.36425428,-71.12412999
harvard,527114864511430657,1414508951000,40.339422,-75.961523
harvard,527114560688623616,1414508879000,53.80758397,-1.55268351
harvard,527110218665459712,1414507844000,42.37492554,-71.11733614
harvard,527136754139430917,1414514170000,35.772516,-78.7672552
harvard,527135996668690432,1414513989000,30.0944063,-95.98545517
harvard,527130777822453760,1414512745000,53.81614601,-1.61143355
harvard,527130457201049600,1414512669000,42.373005,-71.123634
harvard,527141632617902081,1414515333000,42.3561185,-71.0552516
harvard,527140758613000192,1414515125000,37.77888413,-122.41240906
harvard,527140196203397120,1414514991000,53.95741313,-2.02479621
harvard,527138877719707648,1414514676000,42.91802182,-76.80060037
harvard,527143630449164288,1414515810000,38.90076071,-77.02295738
harvard,527143183432835073,1414515703000,34.05583612,-84.39001434
harvard,527152109402480640,1414517831000,42.34884046,-71.07668423
harvard,527148653983838208,1414517007000,42.34872222,-71.08919444
harvard,527156703096475648,1414518926000,39.23219286,-76.81510932
harvard,527156353346043904,1414518843000,42.37427907,-71.11740655
harvard,527154883359961088,1414518492000,42.372708,-71.116464
harvard,527153667896782848,1414518203000,26.123779,-80.1593327
harvard,527153253403070464,1414518104000,42.37588621,-71.11679398
harvard,527177414238306304,1414523864000,42.3740406,-71.11644094
harvard,527174525663051776,1414523176000,36.77877857,-75.97889142
harvard,527165790949482496,1414521093000,42.567004,-82.8694536
harvard,527165170796093440,1414520945000,42.37486478,-71.11609932
harvard,527159929250254849,1414519695000,40.75556617,-73.98141031
harvard,527182817029943296,1414525152000,42.37351016,-71.11913031
harvard,527182092040691712,1414524979000,28.3678932,-81.5610684
harvard,527185275840380928,1414525739000,21.30161305,-157.85904335
harvard,527183202008711168,1414525244000,42.37351016,-71.11913031
harvard,527191408713924608,1414527201000,42.35100966,-71.06974978
harvard,527194218251714562,1414527871000,39.95286501,-75.189983
harvard,527193962894069760,1414527810000,42.36427489,-71.12402979
harvard,527201268985384960,1414529552000,34.2422423,-92.0238878
harvard,527198624522838016,1414528921000,33.77753414,-118.11461058
harvard,527198475675369472,1414528886000,33.77752221,-118.11461849
harvard,527207251384471553,1414530978000,39.13259241,-84.5174338
harvard,527206957371752449,1414530908000,35.06261974,-89.64741123
harvard,527205590817579008,1414530582000,42.37351016,-71.11913031
harvard,527213105236152321,1414532374000,42.3687394,-71.1273887
harvard,527212861177995264,1414532315000,42.63548136,-82.90184882
harvard,527209163240521729,1414531434000,40.7445406,-74.0027019
harvard,527260329504690176,1414543633000,41.56602857,-89.14053658
harvard,527258009450602497,1414543080000,40.37082097,-80.00583287
harvard,527257929863286785,1414543061000,39.83278267,-86.1721407
harvard,527257542263840768,1414542968000,4.6663902,-74.0551188
harvard,527257309320187904,1414542913000,34.03425979,-118.23998608
harvard,527256049242607616,1414542612000,41.566147,-89.13991598
harvard,527255245500710912,1414542421000,41.56630576,-89.13994012
harvard,527254631127465984,1414542274000,41.56618539,-89.13982479
harvard,527254289664995329,1414542193000,41.56636933,-89.1398403
harvard,527253692173783041,1414542050000,40.73757269,-74.03373721
harvard,527253413604892672,1414541984000,41.56603557,-89.13991749
harvard,527251689402019840,1414541573000,41.56627466,-89.13993116
harvard,527249471491813377,1414541044000,36.3117897,-82.38702201
harvard,527249141739814913,1414540965000,41.56633363,-89.13993929
harvard,527248402330189824,1414540789000,41.56623413,-89.13991548
harvard,527245744378744832,1414540155000,41.56615031,-89.13992018
harvard,527245364722544640,1414540065000,41.71332188,-88.21047655
harvard,527245248020611073,1414540037000,40.67895048,-76.22055732
harvard,527244168809439234,1414539780000,41.56612634,-89.1399641
harvard,527243024074813440,1414539507000,41.56632072,-89.13988723
harvard,527242604380168192,1414539407000,41.56602115,-89.13983954
harvard,527241451605078016,1414539132000,33.51171001,-117.70992576
harvard,527240335618215936,1414538866000,41.56627638,-89.13994909
harvard,527237570766602240,1414538207000,41.56610656,-89.13995018
harvard,527237369510891521,1414538159000,42.37351016,-71.11913031
harvard,527236296784502785,1414537903000,51.49320729,-3.17942723
harvard,527234031444697088,1414537363000,41.56606784,-89.13984935
harvard,527233376353533952,1414537207000,46.562992,-87.4085155
harvard,527233155951230976,1414537154000,37.8705138,-122.2679761
harvard,527233023075299329,1414537122000,41.56618929,-89.13980761
harvard,527231993809870849,1414536877000,47.69575,-117.0481
harvard,527231385061191680,1414536732000,41.56612957,-89.13992118
harvard,527230833329856512,1414536600000,41.56627458,-89.13974524
harvard,527229312592654337,1414536238000,47.69575,-117.0481
harvard,527228313681399808,1414536000000,34.17810265,-79.77591662
harvard,527227616588468224,1414535833000,42.97689867,-77.44782667
harvard,527226463464861698,1414535558000,37.41390577,-122.0777549
harvard,527223466358231040,1414534844000,41.70656121,-83.56451182
harvard,527222887129026560,1414534706000,42.37351016,-71.11913031
harvard,527219224423706624,1414533833000,42.35457,-71.09132
harvard,527216149881049088,1414533100000,42.37351016,-71.11913031
harvard,527216089369833472,1414533085000,1.2748264,103.8094196
harvard,527215538863632384,1414532954000,42.9647877,-78.7708855
harvard,527215514615959552,1414532948000,25.70688741,-80.34691226
harvard,527213635412951040,1414532500000,42.02889918,-89.02116462
harvard,527213404055166976,1414532445000,51.53017248,-0.08173247
harvard,527270318285787137,1414546014000,42.25245648,-71.81155925
harvard,527269794446581760,1414545889000,32.34889167,-86.2939395
harvard,527268853177266176,1414545665000,30.6829222,-95.5513579
harvard,527267520458555392,1414545347000,42.40239197,-70.99368315
harvard,527266128641683456,1414545015000,41.1523765,-81.8462643
harvard,527277150605676544,1414547643000,39.55908587,-76.2466696
harvard,527276640167272449,1414547522000,40.78792847,-73.96834878
harvard,527276402459312128,1414547465000,42.51068429,-71.00325755
harvard,527275679856218112,1414547293000,40.91399051,-90.65297189
harvard,527275318105899009,1414547206000,35.06125561,-89.83068154
harvard,527281590003433473,1414548702000,42.3583,-71.0603
harvard,527281484005007360,1414548676000,34.46625344,-84.96070765
harvard,527281380670312448,1414548652000,40.62726267,-74.11126366
harvard,527279033961426944,1414548092000,32.901334,-96.654697
harvard,527293581459877889,1414551561000,33.97899473,-118.31992946
harvard,527293571620036608,1414551558000,16.38410188,120.59414383
harvard,527292475153457153,1414551297000,19.71859,96.11307
harvard,527292282781708288,1414551251000,42.20840386,-83.17405101
harvard,527298146192596992,1414552649000,33.06231884,-96.85607763
harvard,527298074331582464,1414552632000,27.8357448,-82.324551
harvard,527296452893347840,1414552245000,39.3304576,-76.615264
harvard,527295293252198400,1414551969000,30.14918837,-84.31736746
harvard,527302942752518144,1414553793000,41.48100514,-81.78073257
harvard,527302795251425283,1414553757000,33.66513515,-84.06885875
harvard,527302129166602241,1414553599000,35.3134101,-93.1302945
harvard,527300882661384192,1414553301000,45.4472776,-122.7049985
harvard,527312772494000128,1414556136000,40.03301657,-79.66478406
harvard,527310787069902848,1414555663000,36.1925629,-86.37883871
harvard,527317087384260608,1414557165000,33.86290189,-118.05472411
harvard,527316738531405825,1414557082000,14.62462835,121.06217489
harvard,527315975540989954,1414556900000,33.94101108,-117.40245933
harvard,527314225203400704,1414556482000,37.56520537,-122.36392663
harvard,527327735614423040,1414559704000,37.42503699,-122.16508426
harvard,527346746637451265,1414564236000,36.38073206,-82.37594954
harvard,527358833237053440,1414567118000,-6.22398244,106.80908498
harvard,527360796826025984,1414567586000,49.1975512,-2.1331243
harvard,527372835568623616,1414570456000,37.42710319,-122.1099068
harvard,527420827029864450,1414581898000,42.37452163,-71.12026862
harvard,527420756087410688,1414581881000,-6.93322,107.6191
harvard,527428370439876608,1414583697000,42.34317575,-71.21729627
harvard,527427036521193472,1414583379000,53.81565858,-1.53083802
harvard,527426968481189888,1414583363000,53.81565861,-1.53083805
harvard,527432340818395136,1414584643000,41.40085778,2.17440711
harvard,527438302887313408,1414586065000,53.38002215,-1.46528624
harvard,527442423560278016,1414587047000,23.2512911,-106.4537287
harvard,527441154141208576,1414586745000,42.35457,-71.09132
harvard,527440935542472704,1414586693000,42.36638889,-71.12722222
harvard,527440675873501185,1414586631000,29.4278996,-95.2439761
harvard,527440287837470720,1414586538000,41.8414809,-87.63052057
harvard,527448366264102912,1414588464000,42.35236834,-71.05981972
harvard,527446922446249984,1414588120000,43.73299671,-71.66137926