purdue,527184880149757952,1414525644000,41.02422767,-80.70311964
purdue,527152581072928769,1414517944000,39.7411001,-85.9968397
purdue,527137122692919296,1414514258000,40.42773884,-86.91501608
purdue,527135337634877442,1414513832000,40.42773884,-86.91501608
purdue,527134840484003841,1414513714000,40.4273525,-86.9249974
purdue,527128740271501313,1414512259000,41.50972744,-72.10274072
purdue,527124495124164608,1414511247000,41.8496557,-88.0170913
purdue,527118137641033728,1414509732000,40.2071501,-85.4102985
purdue,527116730108493824,1414509396000,40.42140052,-86.91017292
purdue,527108261917782016,1414507377000,41.5853922,-87.4754826
purdue,527106220055093248,1414506890000,37.22945562,-80.41468808
purdue,527083556523098113,1414501487000,40.42565748,-86.91150193
purdue,527083408150003712,1414501451000,40.4126013,-86.940195
purdue,527079251892523008,1414500460000,33.79972145,-84.51341615
purdue,527074903627804672,1414499424000,46.56632,-96.077697
purdue,527058526603317248,1414495519000,40.42565748,-86.91150193
purdue,526948785856204801,1414469355000,40.42773884,-86.91501608
purdue,526935548766613504,1414466199000,41.6950151,-91.5946103
purdue,526930903390363648,1414465091000,40.41948594,-86.91013378
purdue,526930336169459712,1414464956000,40.4196022,-86.91011965
purdue,526929882874249216,1414464848000,40.4126013,-86.940195
purdue,526929789618122753,1414464826000,40.4195039,-86.91013348
purdue,526927112620752897,1414464188000,40.4262068,-86.92451888
purdue,526926808516550656,1414464115000,43.8991899,-91.0808009
purdue,526920664880791552,1414462650000,36.14783455,-97.11047273
purdue,526919425312575488,1414462355000,40.82167216,-96.7062171
purdue,526914504043421697,1414461182000,32.6424042,-97.3788815
purdue,526913066660032512,1414460839000,39.46352262,-87.34569987
purdue,526908806421577728,1414459823000,39.46990703,-87.41214942
purdue,526901396554403840,1414458056000,41.19873535,-85.0611515
purdue,526883949176295424,1414453897000,40.82167216,-96.7062171
purdue,526878195019448320,1414452525000,43.03947635,-87.93076791
purdue,526872120463073281,1414451076000,40.82167216,-96.7062171
purdue,526870037760843776,1414450580000,41.66415616,-86.37550393
purdue,526869768696238080,1414450516000,41.66409528,-86.37542987
purdue,526869209838813184,1414450383000,41.66416107,-86.37550637
purdue,526856356876140545,1414447318000,39.83202579,-86.07503235
purdue,526834989795909632,1414442224000,34.0013238,-81.2439476
purdue,526833710847758336,1414441919000,40.43368472,-86.92377934
purdue,526810623150415872,1414436414000,39.1701125,-86.5150355
purdue,526802777255591936,1414434544000,40.42773884,-86.91501608
purdue,526789938105573376,1414431483000,41.58356017,-87.47416464
purdue,526784534809808896,1414430194000,33.573027,-111.881105
purdue,526777820828418048,1414428594000,41.70853202,-86.19993956
purdue,526770252047482880,1414426789000,40.429759,-86.90798
purdue,526763903678951425,1414425276000,39.16791185,-86.52268258
purdue,526741876137672704,1414420024000,40.42773884,-86.91501608
purdue,526741189035188224,1414419860000,40.42773884,-86.91501608
purdue,526735609860063232,1414418530000,40.41940919,-86.91000461
purdue,526714516701454337,1414413501000,40.4307823,-86.9212705
purdue,526708660471627776,1414412105000,40.4308426,-86.90992532
purdue,526576976283574272,1414380709000,41.66416481,-86.37550452
purdue,526576761367445504,1414380657000,41.6640991,-86.37546591
purdue,526576586645319680,1414380616000,41.66416703,-86.3753541
purdue,526576390054117376,1414380569000,41.664173,-86.37550176
purdue,526576095475544064,1414380499000,41.6641627,-86.37550545
purdue,526575828155785216,1414380435000,41.66416128,-86.37550546
purdue,526571270608261120,1414379348000,41.66416008,-86.37550601
purdue,526565859221725184,1414378058000,40.42452905,-86.91144482
purdue,526565541096726530,1414377982000,40.27317126,-86.67195122
purdue,526551905091080192,1414374731000,40.43259782,-86.91452802
purdue,526551283692761089,1414374583000,40.43259782,-86.91452802
purdue,526548038995959808,1414373809000,41.66427913,-86.37554161
purdue,526525988369625088,1414368552000,40.43260793,-86.91913879
purdue,526522475262509057,1414367715000,40.42773884,-86.91501608
purdue,526519829541715968,1414367084000,41.13195822,-85.10161537
purdue,526501089143975936,1414362616000,40.4263299,-86.9009545
purdue,526499791837364224,1414362306000,40.42440444,-86.91296019
purdue,526498950346735616,1414362106000,40.42883,-86.90631167
purdue,526466397631954945,1414354345000,40.0205705,-86.0976527
purdue,526465025498943488,1414354017000,40.431341,-86.91447417
purdue,526461688015765504,1414353222000,40.42529001,-86.926614
purdue,526460743789842432,1414352997000,42.3090394,-83.18737471
purdue,526455211200897024,1414351678000,41.66396943,-86.37531244
purdue,526454602657701888,1414351532000,41.66396943,-86.37531244
purdue,526448362477088768,1414350045000,40.42631849,-86.93478275
purdue,526441469885034497,1414348401000,41.40974811,-86.45949081
purdue,526440993705713664,1414348288000,42.5930623,-72.214187
purdue,526434082268663808,1414346640000,39.88484534,-87.20440865
purdue,526433108485505024,1414346408000,40.41868105,-86.8905122
purdue,526422186253627392,1414343804000,40.43286282,-86.91911708
purdue,526401466357915648,1414338864000,39.85313533,-86.13836888
purdue,526393048591511552,1414336857000,40.46230111,-86.92869654
purdue,526382480535085056,1414334337000,26.58190363,-80.14145455
purdue,526380663864180736,1414333904000,42.02369277,-93.63870052
purdue,526374470592643072,1414332428000,40.82082236,-96.70535803
purdue,526361704217587715,1414329384000,39.9745409,-85.9973712
purdue,526361613402927104,1414329362000,40.4647299,-86.93500962
purdue,526359768408272896,1414328922000,40.0201693,-86.0978508
purdue,526236297921171456,1414299485000,40.82167216,-96.70619564
purdue,526229771605520385,1414297929000,41.85903769,-103.678609
purdue,526229163699482625,1414297784000,40.42452905,-86.91144482
purdue,526228860048650240,1414297711000,40.7748648,-98.4048622
purdue,526228662899585024,1414297664000,40.82082236,-96.70535803
purdue,526228118088847360,1414297534000,34.14248144,-118.37869506
purdue,526226784317370368,1414297216000,42.7539969,-84.6126653
purdue,526226415277318144,1414297128000,39.48295693,-87.38093515
purdue,526224017053585408,1414296557000,30.13251987,-95.39327499
purdue,526222025690718208,1414296082000,38.9084847,-84.6303293
purdue,526216911546511360,1414294863000,38.302038,-85.61394439
purdue,526192988834529281,1414289159000,41.3427774,-85.1356983
purdue,526192961558949888,1414289152000,44.80548845,-92.96277726
purdue,526190011268751360,1414288449000,39.93446907,-89.0656892
purdue,526188746673500161,1414288147000,40.42182557,-86.90971057
purdue,526181744622710784,1414286478000,40.4347976,-86.9266549
purdue,526181632538333185,1414286451000,40.43723641,-86.93870357
purdue,526179150940635136,1414285860000,39.18085023,-86.52172676
purdue,526171475846656000,1414284030000,33.58979037,-101.87484409
purdue,526171121239212033,1414283945000,40.12881862,-86.28060389
purdue,526165312455331841,1414282560000,39.4817631,-88.1776409
purdue,526164384293617664,1414282339000,32.68406537,-97.12302681
purdue,526163419062611968,1414282109000,40.434267,-86.926931
purdue,526151838425702402,1414279348000,40.42323014,-86.8999394
purdue,526151819819352064,1414279343000,40.43309,-86.916693
purdue,526144027050385408,1414277485000,44.62860541,-85.76852971
purdue,526143394629050368,1414277335000,39.1810433,-86.5223032
purdue,526140019250315264,1414276530000,41.66275875,-86.37665865
purdue,526133082756116480,1414274876000,40.02500393,-82.88387368
purdue,526132067961409537,1414274634000,40.1035239,-88.23276758
purdue,526131846434652160,1414274581000,41.26647362,-95.97847289
purdue,526131764545482752,1414274562000,41.7580886,-96.2558365
purdue,526130695467708416,1414274307000,40.434267,-86.926931
purdue,526124192240893952,1414272757000,40.10363407,-88.23270671
purdue,526123096080920576,1414272495000,40.42692218,-86.92393153
purdue,526114904504553474,1414270542000,39.9731702,-86.00932125
purdue,526112507522744321,1414269971000,39.97171185,-85.9997013
purdue,526100322373341184,1414267065000,39.98466986,-86.01012664
purdue,526099154502569984,1414266787000,42.7196095,-87.8331623
purdue,526096683814649857,1414266198000,37.3542469,-79.1758716
purdue,526096337268654080,1414266115000,35.18231667,-97.41463293
purdue,526096150781513728,1414266071000,39.1791464,-86.5219628
purdue,526094345003208706,1414265640000,43.5113698,-96.7749656
purdue,526092878049579008,1414265291000,41.81586865,-87.89289288
purdue,526090545375240192,1414264734000,44.89574815,-93.1199374
purdue,526090116012331009,1414264632000,40.82082236,-96.70535803
purdue,526089998576017408,1414264604000,36.69270726,-121.61632379
purdue,526089514222358529,1414264489000,39.48277212,-86.08024841
purdue,526088095645847552,1414264150000,39.98329835,-86.00814614
purdue,526075386032316416,1414261120000,33.9965296,-117.7892991
purdue,526066959407136768,1414259111000,41.66408175,-86.37519853
purdue,526066857955307520,1414259087000,41.66408175,-86.37519853
purdue,526058824751267843,1414257172000,40.42773884,-86.91501608
purdue,526050902340562944,1414255283000,41.66395686,-86.37527179
purdue,526050881578737664,1414255278000,41.66401755,-86.37543565
purdue,526040013289832448,1414252687000,40.73043207,-85.18326516
purdue,526022675375087616,1414248553000,40.42773884,-86.91501608
purdue,526015825028079616,1414246920000,36.31932063,-86.59803038
purdue,526011243996266496,1414245828000,40.42773884,-86.91501608
purdue,525985833846071296,1414239769000,40.42706287,-86.87715881
purdue,525981373278859264,1414238706000,40.42773884,-86.91501608
purdue,525885587442913280,1414215869000,40.42394988,-86.90914167
purdue,525868029004234752,1414211682000,39.9745559,-86.0093729
purdue,525866913587818496,1414211416000,40.42397142,-86.90912949
purdue,525851406628950016,1414207719000,40.2428134,-86.6949074
purdue,525850931041030144,1414207606000,40.20183377,-85.39914647
purdue,525840866909249539,1414205206000,30.26628073,-81.79546871
purdue,525839132946231296,1414204793000,30.26631789,-81.79552948
purdue,525809544472297472,1414197739000,40.42771283,-86.91448498
purdue,525806836004700160,1414197093000,40.0234385,-86.0007494
purdue,525806361884774401,1414196980000,39.32448658,-84.21776881
purdue,525800715177172992,1414195634000,33.16139845,-117.3469373
purdue,525796259089907713,1414194571000,40.79334976,-77.86424325
purdue,525794812772253696,1414194226000,40.42770246,-86.91506092
purdue,525793256458977281,1414193855000,40.434267,-86.926931
purdue,525792900781969409,1414193770000,41.73650846,-88.03476048
purdue,525791310964617216,1414193391000,40.42775324,-86.9147534
purdue,525791145582817280,1414193352000,25.318603,55.3799303
purdue,525787082460233728,1414192383000,40.42256223,-86.90539864
purdue,525786655890759680,1414192282000,40.42078145,-86.90114188
purdue,525781821561507840,1414191129000,39.91814639,-86.06309652
purdue,525772365783773184,1414188875000,40.42773884,-86.91501608
purdue,525769999840190465,1414188310000,40.4223565,-86.90454863
purdue,525762922065047554,1414186623000,43.02983517,-88.19960636
purdue,525758310130417664,1414185523000,39.1876287,-86.53847514
purdue,525748617198714880,1414183212000,41.55566124,-74.28659294
purdue,525736008223318016,1414180206000,39.16697239,-86.528878
purdue,525732926370377728,1414179471000,41.58024614,-87.47254487
purdue,525717329233977345,1414175753000,38.79407664,-85.65142614
purdue,525693472200994816,1414170065000,41.58435591,-87.47401956
purdue,525677702091509760,1414166305000,40.4126013,-86.940195
purdue,525676713410584576,1414166069000,40.433503,-86.923377
purdue,525673388967092224,1414165277000,40.42773884,-86.91501608
purdue,525663756706398209,1414162980000,40.4316122,-86.9171488
purdue,525662097099980800,1414162584000,40.42518395,-86.91203018
purdue,525655014854103040,1414160896000,39.16872487,-86.51889508
purdue,525645799670448128,1414158699000,33.41636589,-84.72492533
purdue,525625919881220096,1414153959000,41.88804564,-87.62626724
purdue,525498171179687936,1414123501000,40.4300078,-86.921113
purdue,525485280032075776,1414120428000,40.42314553,-86.90048364
purdue,525478851980185600,1414118895000,40.42905,-86.91954
purdue,525465350159478784,1414115676000,39.25553857,-94.66466227
purdue,525461079166824449,1414114658000,40.426655,-86.910027
purdue,525447194674225152,1414111348000,41.11565429,-85.11159827
purdue,525427428546863105,1414106635000,40.41757998,-86.27128246
purdue,525421054689546241,1414105115000,40.4134832,-86.8713183
purdue,525416828525637632,1414104108000,40.41397714,-86.87045869
purdue,525409126374203392,1414102272000,40.41164943,-86.8706987
purdue,525408958073536513,1414102231000,40.43426118,-86.92541711
purdue,525403361693433857,1414100897000,42.24537109,-87.83066715
purdue,525403108441337856,1414100837000,42.24532427,-87.83035999
purdue,525402847111024640,1414100774000,42.24527039,-87.83061249
purdue,525393639976222720,1414098579000,41.942326,-87.6887748
purdue,525386906016960512,1414096974000,42.10018862,-88.28249967
purdue,525365197528383491,1414091798000,39.8936524,-86.22808417
purdue,525357959459917825,1414090072000,39.70039551,-86.41079137
purdue,525347973317001216,1414087691000,40.5338621,-89.0131529
purdue,525340107378028544,1414085816000,41.58356017,-87.47416464
purdue,525336676554780672,1414084998000,40.42510469,-86.91352173
purdue,525334834575855616,1414084559000,41.5831421,-87.4740825
purdue,525318573783547904,1414080682000,40.42609105,-86.92664996
purdue,525315342881390592,1414079912000,40.42773884,-86.91501608
purdue,525313908715036674,1414079570000,40.4227,-86.9054
purdue,525305751955582977,1414077625000,40.4213242,-86.9112838
purdue,525280391402651649,1414071579000,40.42905035,-86.91967749
purdue,525275814149894144,1414070487000,40.42773884,-86.91501608
purdue,525262338635886592,1414067275000,40.4257918,-86.92593936
purdue,525142802444066816,1414038775000,40.42187284,-86.90950823
purdue,525129697945210880,1414035651000,34.02849112,-84.24211867
purdue,525124281173561345,1414034359000,40.41816456,-86.90924889
purdue,525107861555523584,1414030444000,40.42574361,-86.87505635
purdue,525087198056808448,1414025518000,40.96368443,-87.17810095
purdue,525085388457934848,1414025086000,34.07011991,-83.98195674
purdue,525084921698594816,1414024975000,39.63892375,-106.30052486
purdue,525083993310375937,1414024754000,41.748317,-86.1676235
purdue,525056849759203328,1414018282000,40.42404161,-86.90841241
purdue,525046977541595138,1414015929000,40.45754782,-86.90665025
purdue,525042961151971328,1414014971000,0.0,0.0
purdue,525041683084636161,1414014666000,42.8188911,-73.7669448
purdue,525037880604110849,1414013760000,38.5270579,-85.9834067
purdue,525032300556587008,1414012429000,40.43059166,-86.91568008
purdue,525023309805531136,1414010286000,39.77184376,-86.31516131
purdue,525017097735536642,1414008805000,40.8615243,-86.4934396
purdue,525008809534971904,1414006829000,39.9114876,-86.1088522
purdue,525007254639374336,1414006458000,39.77401416,-86.17612664
purdue,524988910641119232,1414002084000,40.42610161,-86.91516363
purdue,524988201124261888,1414001915000,40.42773884,-86.91501608
purdue,524969486643122176,1413997453000,39.1677983,-86.5203597
purdue,524968097565122560,1413997122000,39.77401416,-86.17612664
purdue,524968022898118656,1413997104000,39.91056575,-86.19242263
purdue,524927296784699392,1413987394000,33.573512,-112.129415
purdue,524923182860349442,1413986414000,33.573512,-112.129415
purdue,524904802493272066,1413982031000,39.76690667,-86.15650321
purdue,524894382361960448,1413979547000,34.0014416,-81.2439818
purdue,524893896690917376,1413979431000,34.0013493,-81.2439339
purdue,524884970699894785,1413977303000,39.76690667,-86.15650321
purdue,524876529265045504,1413975290000,40.41524328,-86.88412423
purdue,524770909563785217,1413950109000,39.70800404,-86.13222911
purdue,524768109111304192,1413949441000,40.42141582,-86.92711104
purdue,524767826977251328,1413949374000,39.46353394,-87.34562611
purdue,524733890381238272,1413941283000,40.42773884,-86.91501608
purdue,524727171970248704,1413939681000,40.4126013,-86.940195
purdue,524722806513487872,1413938640000,38.67342201,-87.51216455
purdue,524720760741715969,1413938152000,40.3885992,-86.9086054
purdue,524702003046273025,1413933680000,39.1311338,-121.6173392
purdue,524697386082648064,1413932579000,40.35804553,-86.87488923
purdue,524697153412030465,1413932524000,40.42545522,-86.91522348
purdue,524689559419117569,1413930713000,40.43404341,-86.92339264
purdue,524687471930793985,1413930216000,41.58713151,-87.47556739
purdue,524685312443043841,1413929701000,39.81233252,-86.21529018
purdue,524676190301614080,1413927526000,38.67331329,-87.51226629
purdue,524667152180072448,1413925371000,40.42761167,-86.91050833
purdue,524664263290650625,1413924682000,39.89884527,-86.2334582
purdue,524654230268026881,1413922290000,40.42191081,-86.90393552
purdue,524653313850372096,1413922072000,40.41799387,-86.91244083
purdue,524637274986668035,1413918248000,34.67884418,-118.18565962
purdue,524632589374865408,1413917131000,41.4728565,-87.3679878
purdue,524629741232746498,1413916452000,40.86486486,-85.72352372
purdue,524629535867027457,1413916403000,40.4308823,-86.9145719
purdue,524624186983981056,1413915127000,39.76690667,-86.15650321
purdue,524614220777000960,1413912751000,39.7493233,-86.2809036
purdue,524613020807602177,1413912465000,39.7504067,-86.2585736
purdue,524594998973833217,1413908168000,39.9714508,-82.7685271
purdue,524589484881358849,1413906854000,40.42773884,-86.91501608
purdue,524585966523416576,1413906015000,42.04884914,-91.62147992
purdue,524573804639432705,1413903115000,40.42805747,-86.91439415
purdue,524547203248177153,1413896773000,32.6770583,-117.1703922
purdue,524485653531475968,1413882098000,40.41372902,-86.88865639
purdue,524432778046083074,1413869492000,40.42773884,-86.91501608
purdue,524404663467376640,1413862789000,41.6237527,-87.7378763
purdue,524399360059387904,1413861524000,40.42923,-86.921234
purdue,524369655264063489,1413854442000,39.73437925,-86.15444285
purdue,524360215731646464,1413852192000,41.11565429,-85.11159827
purdue,524337973664690176,1413846889000,40.35160183,-74.65804079
purdue,524337897189945344,1413846871000,41.6747667,-86.0994787
purdue,524322875612749826,1413843289000,33.85266327,-118.33855883
purdue,524315686345003010,1413841575000,40.84556786,-96.66609733
purdue,524297573276737536,1413837257000,40.4272,-86.914
purdue,524290407040319488,1413835548000,44.27865408,-84.95566847
purdue,524288079721291777,1413834993000,39.76690667,-86.15650321
purdue,524266106203414528,1413829754000,30.17207055,-95.44416019
purdue,524247778105774080,1413825385000,40.42190219,-86.90371855
purdue,524239942428672000,1413823516000,41.21969363,-96.02647564
purdue,524234865009389568,1413822306000,32.6959003,-96.8728339
purdue,524226104169877505,1413820217000,40.42240921,-86.90503463
purdue,524220111024959491,1413818788000,41.68926811,-87.50872655
purdue,524219137087012864,1413818556000,32.6924056,-117.1830435
purdue,527196194934489089,1414528342000,38.33319865,-122.68767253
purdue,527195053978968065,1414528070000,40.42773884,-86.91501608
purdue,527194561228324864,1414527952000,40.42506856,-86.91352478
purdue,527211604921044994,1414532016000,40.4261303,-86.9131273
purdue,527210372810694656,1414531722000,41.58437379,-87.47395563
purdue,527257444444274688,1414542945000,42.97315988,-85.75017309
purdue,527255734514622466,1414542537000,40.42773884,-86.91501608
purdue,527252353250889728,1414541731000,40.039863,-86.8949693
purdue,527246469590290433,1414540328000,40.82167216,-96.70619564
purdue,527246467925155840,1414540328000,40.82167216,-96.7062171
purdue,527244920692961280,1414539959000,35.5819426,-82.7253861
purdue,527241154811924480,1414539061000,38.75960947,-90.49763309
purdue,527235661552975873,1414537751000,39.835402,-86.255476
purdue,527229747341041665,1414536341000,40.42878485,-86.92316394
purdue,527229114759921664,1414536191000,39.7781827,-86.1616746
purdue,527228313870548993,1414536000000,35.07323947,-80.71345301
purdue,527227834570260481,1414535885000,39.76690667,-86.15650321
purdue,527227830027833344,1414535884000,39.76690667,-86.15650321
purdue,527225772583682048,1414535394000,41.66420061,-86.37544699
purdue,527225539472670720,1414535338000,41.66415397,-86.37550148
purdue,527225032712278016,1414535217000,40.0398529,-86.894956
purdue,527224439675826178,1414535076000,39.8188403,-86.0275421
purdue,527270112982605824,1414545965000,38.79023368,-89.95168026
purdue,527276051475333120,1414547381000,40.82082236,-96.70535803
purdue,527287191761080323,1414550037000,30.13242109,-95.39323706
purdue,527289634141638656,1414550620000,40.82167216,-96.7062171
purdue,527308639582040064,1414555151000,39.77401416,-86.17612664
purdue,527323021795921920,1414558580000,40.42773884,-86.91501608
purdue,527426658928955392,1414583289000,40.43309,-86.916693