yale,527126786300063744,1414511794000,41.3039833,-72.9349719
yale,527126230588329984,1414511661000,41.302774,-72.935109
yale,527124767715753985,1414511312000,41.302774,-72.935109
yale,527119983466147840,1414510172000,41.3039833,-72.9349719
yale,527116582300819457,1414509361000,41.3039833,-72.9349719
yale,527115779582754816,1414509169000,40.06690347,-80.73443951
yale,527114034298908672,1414508753000,41.302774,-72.935109
yale,527114029320634368,1414508752000,41.32371811,-72.921805
yale,527110304246022144,1414507864000,33.87555372,-84.39476792
yale,527109768012238848,1414507736000,41.3039833,-72.9349719
yale,527106643860152321,1414506991000,40.70668607,-74.01828005
yale,527105162825842690,1414506638000,7.92768317,81.56142111
yale,527104450301661184,1414506468000,41.31201081,-72.96230647
yale,527103927364624384,1414506344000,41.31201081,-72.96230647
yale,527096483511009280,1414504569000,38.9211646,-77.0171668
yale,527095965098848258,1414504445000,41.3039833,-72.9349719
yale,527095500982734849,1414504335000,41.2872598,-72.8827473
yale,527095242399686657,1414504273000,41.32212217,-72.92193398
yale,527092569050578944,1414503636000,41.3039833,-72.9349719
yale,527087891261165570,1414502520000,42.48810229,-71.41605718
yale,527086689479430145,1414502234000,41.302774,-72.935109
yale,527086333370834944,1414502149000,44.7841089,-68.7556123
yale,527085751511420928,1414502010000,41.3039833,-72.9349719
yale,527082344516042752,1414501198000,41.3039833,-72.9349719
yale,527078941912096768,1414500387000,41.3039833,-72.9349719
yale,527077905726066688,1414500140000,29.8131,-95.39941
yale,527076904344760321,1414499901000,32.57458508,-97.08969869
yale,527075539161325569,1414499575000,41.3039833,-72.9349719
yale,527075452863938560,1414499555000,32.58548413,-97.09710342
yale,527074415180517378,1414499307000,42.65459386,-71.32648892
yale,527073355854536705,1414499055000,51.8901637,-2.0802822
yale,527072147370291200,1414498767000,41.3039833,-72.9349719
yale,527068771718930435,1414497962000,41.3039833,-72.9349719
yale,527009985101041664,1414483946000,-22.94394251,-43.17563167
yale,527002776262283264,1414482227000,49.27337275,-123.12980988
yale,526984951938711552,1414477978000,36.083233,-95.92210117
yale,526980354067156992,1414476881000,41.30601367,-72.92323719
yale,526949073509576706,1414469424000,39.5768851,-104.9920332
yale,526940465674063873,1414467371000,28.569255,-81.392313
yale,526907526227312640,1414459518000,39.1637486,-121.6315831
yale,526901139321520129,1414457995000,41.3039833,-72.9349719
yale,526899910839250944,1414457702000,41.302774,-72.935109
yale,526899661169115136,1414457643000,41.302774,-72.935109
yale,526897761262641152,1414457190000,41.3039833,-72.9349719
yale,526894322352807936,1414456370000,41.3039833,-72.9349719
yale,526892747425583104,1414455994000,38.89022484,-77.01958123
yale,526892258587840512,1414455878000,42.280556,-83.7343096
yale,526890963969380354,1414455569000,41.3039833,-72.9349719
yale,526887536417701889,1414454752000,41.3039833,-72.9349719
yale,526884148871307264,1414453944000,41.3039833,-72.9349719
yale,526883865949134848,1414453877000,40.7566419,-74.0501368
yale,526881208139907072,1414453243000,41.302774,-72.935109
yale,526880676973273089,1414453117000,41.3039833,-72.9349719
yale,526878182004523008,1414452522000,44.4365486,-78.3569217
yale,526877212641742848,1414452291000,41.302774,-72.935109
yale,526873829188964352,1414451484000,41.3039833,-72.9349719
yale,526871227487772673,1414450864000,53.9167614,-1.70173089
yale,526870422784995328,1414450672000,41.3039833,-72.9349719
yale,526866949737676800,1414449844000,41.3039833,-72.9349719
yale,526865763794444288,1414449561000,40.74580304,-73.99001317
yale,526864040157405184,1414449150000,42.5164026,-92.4543345
yale,526862609585168384,1414448809000,41.302774,-72.935109
yale,526862336813199361,1414448744000,41.31864782,-72.98518782
yale,526862186518704129,1414448708000,38.98923456,-76.85811385
yale,526861942325911552,1414448650000,41.302774,-72.935109
yale,526860062338187264,1414448202000,41.3039833,-72.9349719
yale,526858324583522305,1414447787000,41.302774,-72.935109
yale,526856576762523648,1414447371000,41.3039833,-72.9349719
yale,526853087059640321,1414446539000,41.3039833,-72.9349719
yale,526849611697119232,1414445710000,41.3039833,-72.9349719
yale,526849468520747008,1414445676000,40.75484503,-73.98139476
yale,526846218991710208,1414444901000,26.66328346,-80.17908171
yale,526846189375746049,1414444894000,41.3039833,-72.9349719
yale,526842715665739776,1414444066000,41.3039833,-72.9349719
yale,526840566307225601,1414443553000,41.302774,-72.935109
yale,526839083453009920,1414443200000,41.3039833,-72.9349719
yale,526834616938680320,1414442135000,41.302774,-72.935109
yale,526834382229606400,1414442079000,41.302774,-72.935109
yale,526832206220509184,1414441560000,41.3039833,-72.9349719
yale,526829693971230720,1414440961000,28.569473,-81.399251
yale,526828810289680384,1414440751000,41.3039833,-72.9349719
yale,526826918617022464,1414440300000,41.3109133,-72.9316487
yale,526825349124861952,1414439925000,41.3039833,-72.9349719
yale,526821670414458881,1414439048000,41.89591328,-88.13919712
yale,526821344827441152,1414438971000,41.89590626,-88.13910619
yale,526818979940028416,1414438407000,41.302774,-72.935109
yale,526818397926195201,1414438268000,41.30884911,-72.93291177
yale,526817382531362816,1414438026000,45.578122,-122.730322
yale,526815042394525697,1414437468000,41.3039833,-72.9349719
yale,526812678023811072,1414436904000,41.30967097,-72.92837656
yale,526811585109434368,1414436644000,41.302774,-72.935109
yale,526810922195505152,1414436486000,41.302774,-72.935109
yale,526808154261053440,1414435826000,41.3039833,-72.9349719
yale,526806840244326400,1414435512000,41.302774,-72.935109
yale,526804671948546049,1414434996000,41.3039833,-72.9349719
yale,526801222112514048,1414434173000,41.3039833,-72.9349719
yale,526801173517328384,1414434161000,26.1083316,-80.1804594
yale,526800127646654464,1414433912000,27.62488571,-99.46634002
yale,526797732824879104,1414433341000,41.3039833,-72.9349719
yale,526794278425481216,1414432518000,41.302774,-72.935109
yale,526790865272860672,1414431704000,41.302774,-72.935109
yale,526787132841398274,1414430814000,41.302774,-72.935109
yale,526784015513047041,1414430071000,41.3039833,-72.9349719
yale,526782952018305025,1414429817000,38.93631005,-76.99855116
yale,526780123735805952,1414429143000,41.302774,-72.935109
yale,526779308337942528,1414428948000,41.302774,-72.935109
yale,526777114129756160,1414428425000,41.3039833,-72.9349719
yale,526776645416656896,1414428313000,40.44329535,-79.95383661
yale,526775070820036609,1414427938000,41.302774,-72.935109
yale,526774212674207744,1414427733000,41.31150809,-72.92717693
yale,526773656840462338,1414427601000,41.302774,-72.935109
yale,526770251787038720,1414426789000,41.3039833,-72.9349719
yale,526766803830059008,1414425967000,41.3039833,-72.9349719
yale,526763016910409728,1414425064000,41.302774,-72.935109
yale,526759729008082944,1414424280000,41.3039833,-72.9349719
yale,526756959425273856,1414423620000,41.302774,-72.935109
yale,526751720513105920,1414422371000,41.302774,-72.935109
yale,526745902656921601,1414420984000,41.302774,-72.935109
yale,526739652779470848,1414419494000,35.55764822,-97.63167003
yale,526738973192749058,1414419332000,41.3039833,-72.9349719
yale,526735514297044992,1414418507000,41.3039833,-72.9349719
yale,526735102030925825,1414418409000,41.31208958,-72.93146557
yale,526732093867302912,1414417692000,41.302774,-72.935109
yale,526724689096634368,1414415926000,44.9556071,-93.4023196
yale,526719259486216192,1414414632000,53.4109281,-113.4550252
yale,526714748507652096,1414413556000,41.3039833,-72.9349719
yale,526713254815358977,1414413200000,40.75484503,-73.98139476
yale,526710168294547456,1414412464000,38.244993,-85.702956
yale,526683493007241216,1414406104000,39.90736104,116.44865876
yale,526679398691655680,1414405128000,39.907425,116.454842
yale,526646199462682624,1414397213000,34.43789251,-119.84257527
yale,526611120887324673,1414388849000,3.1029699,101.6378135
yale,526597421904969728,1414385583000,45.46571559,-122.84884978
yale,526544075282214913,1414372864000,39.168607,-77.051734
yale,526539800715616256,1414371845000,37.79258651,-122.39694658
yale,526536724315271168,1414371112000,41.302774,-72.935109
yale,526535214843977729,1414370752000,41.302774,-72.935109
yale,526530677684977665,1414369670000,41.302774,-72.935109
yale,526529883841634304,1414369481000,41.3039833,-72.9349719
yale,526528806656307202,1414369224000,41.302774,-72.935109
yale,526526502637010944,1414368675000,41.3039833,-72.9349719
yale,526524630350053376,1414368228000,41.302774,-72.935109
yale,526523076322676736,1414367858000,41.3039833,-72.9349719
yale,526519677908824065,1414367048000,41.3039833,-72.9349719
yale,526512747131854848,1414365395000,41.3039833,-72.9349719
yale,526512596736700416,1414365359000,41.302774,-72.935109
yale,526509342804029440,1414364584000,41.302774,-72.935109
yale,526506559396794368,1414363920000,41.302774,-72.935109
yale,526505887125348352,1414363760000,41.3039833,-72.9349719
yale,526503056708345857,1414363085000,41.302774,-72.935109
yale,526500507171319808,1414362477000,41.302774,-72.935109
yale,526499998348111872,1414362356000,41.3111219,-72.9251039
yale,526499489628954625,1414362234000,41.302774,-72.935109
yale,526499042964938752,1414362128000,41.3039833,-72.9349719
yale,526498204523585536,1414361928000,41.29786038,-72.92565388
yale,526495564779634688,1414361299000,41.3039833,-72.9349719
yale,526492107834261504,1414360474000,41.3039833,-72.9349719
yale,526481733252702208,1414358001000,41.302774,-72.935109
yale,526478313867710464,1414357186000,41.66951619,-71.27753455
yale,526476415621795840,1414356733000,41.302774,-72.935109
yale,526474792946237441,1414356346000,41.3039833,-72.9349719
yale,526473673356484608,1414356079000,29.2919047,48.0149393
yale,526473411359682562,1414356017000,41.66947956,-71.2775752
yale,526471948394442752,1414355668000,41.302774,-72.935109
yale,526463639168233473,1414353687000,41.30866052,-72.92888953
yale,526460945682280449,1414353045000,41.3039833,-72.9349719
yale,526454012271263745,1414351392000,41.3039833,-72.9349719
yale,526451559681368064,1414350807000,41.302774,-72.935109
yale,526447110296580096,1414349746000,41.3039833,-72.9349719
yale,526446159640797184,1414349520000,41.302774,-72.935109
yale,526444232526274561,1414349060000,41.3192495,-72.92415543
yale,526440356246601728,1414348136000,41.31,-72.93
yale,526436760645935104,1414347279000,41.3039833,-72.9349719
yale,526434667617320960,1414346780000,41.30866052,-72.92888953
yale,526433493732294656,1414346500000,41.3098072,-72.92484097
yale,526433356578168832,1414346467000,41.3039833,-72.9349719
yale,526432284053106689,1414346211000,41.47448188,-71.29788702
yale,526429928594472960,1414345650000,41.3039833,-72.9349719
yale,526424451945340928,1414344344000,46.17426493,-122.94276027
yale,526422961084194816,1414343989000,41.3102338,-72.9283322
yale,526421974554132480,1414343753000,41.302774,-72.935109
yale,526420747443769345,1414343461000,41.30866052,-72.92888953
yale,526415984198836224,1414342325000,41.302774,-72.935109
yale,526415161222242304,1414342129000,41.31202187,-72.96216678
yale,526413043362586624,1414341624000,32.58379373,-97.08629313
yale,526411672412766208,1414341297000,40.08784678,-88.18023546
yale,526411383936909313,1414341228000,41.30544643,-72.92863034
yale,526409337741512704,1414340741000,41.51465689,-71.26000584
yale,526407607318491136,1414340328000,40.75484503,-73.98139476
yale,526399861956943872,1414338481000,41.302774,-72.935109
yale,526396642074066945,1414337714000,39.9720677,-75.1487789
yale,526393065368748033,1414336861000,41.67339042,-71.27868933
yale,526391987378094080,1414336604000,40.9140189,-74.1404991
yale,526391844934934528,1414336570000,41.302774,-72.935109
yale,526391077238874112,1414336387000,41.302774,-72.935109
yale,526387584952725504,1414335554000,41.92922976,-72.68443108
yale,526387387048656897,1414335507000,41.89808042,-87.68545331
yale,526378009486716929,1414333271000,45.578122,-122.730322
yale,526377651188285440,1414333186000,43.0191059,-82.7629831
yale,526370756411006977,1414331542000,35.0824358,-80.9184019
yale,526364131897511936,1414329963000,40.7713636,-73.8731734
yale,526357675978657793,1414328423000,41.3039833,-72.9349719
yale,526356228621209600,1414328078000,41.45871996,-70.56411444
yale,526354271436955648,1414327612000,41.3039833,-72.9349719
yale,526352163149082625,1414327109000,41.302774,-72.935109
yale,526350849451118593,1414326796000,41.3039833,-72.9349719
yale,526347436965367808,1414325982000,41.3039833,-72.9349719
yale,526343962752077824,1414325154000,41.3039833,-72.9349719
yale,526294331100250113,1414313321000,41.30468227,-72.93564542
yale,526274028252975105,1414308480000,40.75484503,-73.98139476
yale,526260137611513856,1414305168000,40.75484503,-73.98139476
yale,526259865073639425,1414305103000,40.75484503,-73.98139476
yale,526249685787238402,1414302677000,40.75484503,-73.98139476
yale,526228194454536193,1414297553000,41.30866052,-72.92888953
yale,526227980444372992,1414297502000,38.62539672,-89.90369042
yale,526220457570082816,1414295708000,12.9204034,77.654518
yale,526217428414791680,1414294986000,40.87183521,-73.16216275
yale,526215015674945536,1414294411000,40.74340128,-73.97913889
yale,526211655202787328,1414293609000,40.75484503,-73.98139476
yale,526210918385213440,1414293434000,38.78384681,-77.63559468
yale,526209909814460417,1414293193000,40.63637279,-73.73265755
yale,526208472850116609,1414292851000,26.33345985,-80.28665924
yale,526206894851887104,1414292474000,41.7352062,-87.6197809
yale,526204684345024512,1414291947000,40.31038818,-74.09195996
yale,526200623705108481,1414290979000,40.75484503,-73.98139476
yale,526198241629843456,1414290411000,36.08139494,-79.78736144
yale,526195715169845248,1414289809000,41.8329565,-72.4677009
yale,526187572213841920,1414287867000,41.04435575,-73.53550673
yale,526186386047897600,1414287585000,41.31314665,-72.93347238
yale,526184764626468864,1414287198000,41.67012681,-71.27779238
yale,526179519720218624,1414285948000,41.30866052,-72.92888953
yale,526179364392542208,1414285911000,41.30866052,-72.92888953
yale,526178927921074176,1414285807000,41.31182292,-72.92762246
yale,526178675981840385,1414285746000,41.30866052,-72.92888953
yale,526178211638820865,1414285636000,41.30866052,-72.92888953
yale,526175330789515265,1414284949000,41.31150809,-72.92717693
yale,526174860318605313,1414284837000,41.31305556,-72.96055556
yale,526170808377278464,1414283871000,41.302774,-72.935109
yale,526169572546596864,1414283576000,46.17425048,-122.94293082
yale,526156985478021120,1414280575000,41.302774,-72.935109
yale,526153564591116289,1414279759000,41.3039833,-72.9349719
yale,526151573677039617,1414279285000,43.04216836,-83.32592678
yale,526146716643246081,1414278127000,41.3039833,-72.9349719
yale,526143254941536256,1414277301000,41.3039833,-72.9349719
yale,526142606108282880,1414277147000,40.75484503,-73.98139476
yale,526139863364423680,1414276493000,41.3039833,-72.9349719
yale,526136407035621377,1414275669000,41.3039833,-72.9349719
yale,526133195948171264,1414274903000,32.96691515,-96.69179607
yale,526130683786567680,1414274304000,41.70551808,-71.16364559
yale,526130032130162688,1414274149000,41.31182292,-72.92762246
yale,526129553870032896,1414274035000,41.3039833,-72.9349719
yale,526122706765623296,1414272402000,41.30866052,-72.92888953
yale,526121635896500224,1414272147000,41.302774,-72.935109
yale,526119550451212289,1414271650000,34.67609835,-84.47865633
yale,526116147092275200,1414270838000,41.31305556,-72.96055556
yale,526115814387101696,1414270759000,41.3039833,-72.9349719
yale,526115416683597825,1414270664000,41.31305556,-72.96055556
yale,526112875308269568,1414270058000,37.7706669,-122.4040749
yale,526109229330231296,1414269189000,42.73814182,-92.48192281
yale,526108863418744832,1414269102000,41.3039833,-72.9349719
yale,526108738730885120,1414269072000,40.0484248,-76.2989234
yale,526105384063234049,1414268272000,41.3039833,-72.9349719
yale,526103509096497152,1414267825000,40.0480046,-76.2987594
yale,526102267460845568,1414267529000,40.0480546,-76.2987993
yale,526102248787836928,1414267525000,41.93220895,-70.96186285
yale,526098165486071808,1414266551000,38.90407648,-77.06342765
yale,526095732483162113,1414265971000,41.31305556,-72.96055556
yale,526094973603553280,1414265790000,41.3039833,-72.9349719
yale,526092554123894784,1414265213000,40.0480219,-76.2987631
yale,526091658417274880,1414265000000,37.7706781,-122.4040342
yale,526086522723106816,1414263775000,37.77067014,-122.40354042
yale,526084066961920000,1414263190000,41.30813852,-72.93069839
yale,526083754041675776,1414263115000,37.7706905,-122.4040108
yale,526082940539633664,1414262921000,41.47955995,-87.52266907
yale,526082545541066753,1414262827000,37.7706776,-122.4040256
yale,526082105759920129,1414262722000,41.31305556,-72.96055556
yale,526081960314032128,1414262688000,41.302774,-72.935109
yale,526081612510138368,1414262605000,41.30110553,-72.98711501
yale,526081419723177984,1414262559000,41.30866052,-72.92888953
yale,526080863801339904,1414262426000,37.770676,-122.4040104
yale,526080664266096640,1414262379000,41.30866052,-72.92888953
yale,526080263311216640,1414262283000,41.31305556,-72.96055556
yale,526079125358800896,1414262012000,37.7706806,-122.4040124
yale,526077866682105857,1414261712000,41.31305556,-72.96055556
yale,526077774172131328,1414261690000,41.3039833,-72.9349719
yale,526077624183836672,1414261654000,37.7707023,-122.4040018
yale,526077431200112641,1414261608000,41.48422829,-71.31466002
yale,526077015279951874,1414261509000,41.31305556,-72.96055556
yale,526075807085522944,1414261221000,37.7707105,-122.4039803
yale,526074174595284992,1414260831000,37.7706753,-122.404021
yale,526074072707657728,1414260807000,41.31305556,-72.96055556
yale,526073139160051713,1414260585000,37.7706852,-122.4039757
yale,526072811014467585,1414260506000,37.770681,-122.4039578
yale,526072593905119232,1414260455000,38.55204337,-75.10451065
yale,526072548841123840,1414260444000,37.7706812,-122.4040021
yale,526071378034696192,1414260165000,37.7706723,-122.4040495
yale,526070862886100992,1414260042000,41.3039833,-72.9349719
yale,526070561848696832,1414259970000,40.75383472,-73.97743875
yale,526068223188684801,1414259412000,27.49820809,-97.85677101
yale,526067916224331776,1414259339000,41.31305556,-72.96055556
yale,526067379428532224,1414259211000,41.3039833,-72.9349719
yale,526065525928263681,1414258769000,42.24798592,-88.2046743
yale,526064055279046658,1414258419000,41.302774,-72.935109
yale,526063654546853888,1414258323000,41.3085,-72.9285
yale,526061101382115328,1414257714000,41.31165996,-72.96131329
yale,526060480255627264,1414257566000,41.3039833,-72.9349719
yale,526060090483154947,1414257473000,41.31305556,-72.96055556
yale,526058642500759553,1414257128000,41.3085,-72.9285
yale,526056992540864512,1414256735000,41.3039833,-72.9349719
yale,526056624184893440,1414256647000,41.48865983,-71.25781096
yale,526055540699717632,1414256389000,41.31305556,-72.96055556
yale,526055474869727232,1414256373000,28.56113023,77.3644139
yale,526053118157414400,1414255811000,37.7706717,-122.4040375
yale,526051911083241472,1414255523000,41.57996734,-93.80976861
yale,526050471287349250,1414255180000,37.7706724,-122.4039954
yale,526049826379935744,1414255026000,41.31165996,-72.96131329
yale,526049032422948864,1414254837000,37.7705112,-122.4040731
yale,526048495111655424,1414254709000,37.7705112,-122.4040731
yale,526046745395200000,1414254292000,41.31305556,-72.96055556
yale,526046616994603008,1414254261000,41.302774,-72.935109
yale,526043169859706880,1414253439000,41.3039833,-72.9349719
yale,526042978947973121,1414253394000,41.30967097,-72.92837656
yale,526036651269971968,1414251885000,41.31239761,-72.93379818
yale,526036260091994112,1414251792000,41.3039833,-72.9349719
yale,526033029123547138,1414251022000,41.59021291,-72.99033391
yale,526032847308877824,1414250978000,55.97334389,-3.16565964
yale,526032796012146688,1414250966000,41.3039833,-72.9349719
yale,526029381819314177,1414250152000,41.3039833,-72.9349719
yale,526026803593216002,1414249537000,41.302774,-72.935109
yale,526021617051533312,1414248301000,41.30924274,-72.92792092
yale,526013642631041025,1414246399000,36.15693378,-86.76982793
yale,526012066902319108,1414246024000,39.7214868,-104.8804041
yale,525998204245266432,1414242719000,41.3122657,-72.9248367
yale,525981486076268544,1414238733000,41.3039833,-72.9349719
yale,525960883315671040,1414233821000,41.31092657,-72.94324647
yale,525958865129443329,1414233339000,41.30416059,-72.93663044
yale,525958513026011136,1414233256000,6.1395136,102.2611804
yale,525935447806345216,1414227756000,40.62497549,-73.73091588
yale,525921127466426369,1414224342000,41.3154324,-72.9170353
yale,525912915501527040,1414222384000,47.15390821,-122.52502724
yale,525897351622582272,1414218673000,28.5692721,-81.3935428
yale,525890511454756864,1414217043000,41.3153752,-72.9170622
yale,525887970545774592,1414216437000,41.3154312,-72.9169961
yale,525884967394750464,1414215721000,41.3154551,-72.9170439
yale,525879773143527424,1414214482000,47.1904719,-88.4103893
yale,525879378065240064,1414214388000,35.6414104,-88.8392826
yale,525878864971440129,1414214266000,39.8747764,-104.9625485
yale,525873598331092992,1414213010000,41.76301657,-73.93086667
yale,525870436819955712,1414212257000,41.31182292,-72.92762246
yale,525870421305208832,1414212253000,41.31182292,-72.92762246
yale,525870176970215425,1414212195000,41.31182292,-72.92762246
yale,525853054654877699,1414208112000,49.0306229,-122.2871845
yale,525846074624184321,1414206448000,42.12150808,-87.84225381
yale,525845253538852864,1414206252000,41.30606665,-72.92331046
yale,525843078452506625,1414205734000,49.030641,-122.2871376
yale,525842661488353280,1414205634000,41.31182292,-72.92762246
yale,525841559715979264,1414205372000,38.6246702,-90.1717913
yale,525841306069635072,1414205311000,38.6803661,-90.1694425
yale,525841065241104387,1414205254000,41.4894085,-71.31520092
yale,525840945510506496,1414205225000,42.37199289,-71.11212065
yale,525840629146722304,1414205150000,41.3153336,-72.9170211
yale,525839611843444736,1414204907000,41.3154455,-72.9170594
yale,525836174519070720,1414204088000,41.3153713,-72.9170364
yale,525834500127735808,1414203689000,41.3154029,-72.9170453
yale,525831223289974784,1414202907000,41.3153779,-72.9170691
yale,525830416414941185,1414202715000,42.73632539,-84.49020096
yale,525829894677073922,1414202591000,41.3154385,-72.9170362
yale,525829755388428288,1414202557000,41.7629821,-72.68092854
yale,525828452021071872,1414202247000,41.7629821,-72.68092854
yale,525817922581975040,1414199736000,0.0,0.0
yale,525817887207227392,1414199728000,41.30967097,-72.92837656
yale,525816560406233088,1414199411000,41.3153943,-72.9170687
yale,525815771503788034,1414199223000,40.75484503,-73.98139476
yale,525802225235283970,1414195994000,41.302774,-72.935109
yale,525791375678513153,1414193407000,41.3088053,-72.9327692
yale,525790019693608960,1414193084000,41.92922976,-72.68443108
yale,525788736861532160,1414192778000,41.3153427,-72.9170085
yale,525786298200899585,1414192196000,43.8633038,-78.8440914
yale,525783646301880321,1414191564000,41.3154576,-72.9170482
yale,525783002820149248,1414191411000,41.3154843,-72.917055
yale,525779749831204864,1414190635000,41.3154788,-72.9170201
yale,525776070591909888,1414189758000,41.3154157,-72.9170328
yale,525774697749692416,1414189431000,41.302774,-72.935109
yale,525774282518171649,1414189332000,41.3154049,-72.9169755
yale,525766405044858881,1414187453000,41.30701437,-72.93176791
yale,525759150908014592,1414185724000,41.30866052,-72.92888953
yale,525759001280409602,1414185688000,41.3154683,-72.917085
yale,525758338294751233,1414185530000,41.3039833,-72.9349719
yale,525756565245394944,1414185107000,32.66179453,-97.08278286
yale,525756306834345984,1414185046000,40.71234305,-73.9658156
yale,525754925221806081,1414184716000,41.3039833,-72.9349719
yale,525751888986521602,1414183992000,41.6701525,-71.27778504
yale,525749588209434627,1414183444000,41.3080159,-72.9331128
yale,525748043543355392,1414183076000,41.3039833,-72.9349719
yale,525747099749466116,1414182851000,41.302774,-72.935109
yale,525744566909931521,1414182247000,41.3039833,-72.9349719
yale,525741156689141762,1414181434000,41.3039833,-72.9349719
yale,525740545625575424,1414181288000,36.86296247,-76.29122803
yale,525738670813609984,1414180841000,34.06561947,-83.9061181
yale,525737707759104000,1414180611000,41.3039833,-72.9349719
yale,525734256362799104,1414179789000,41.3039833,-72.9349719
yale,525730791142092800,1414178962000,41.3039833,-72.9349719
yale,525727376890531840,1414178148000,41.3039833,-72.9349719
yale,525723911413985280,1414177322000,41.3039833,-72.9349719
yale,525720510533885952,1414176511000,41.3039833,-72.9349719
yale,525719531671404544,1414176278000,41.302774,-72.935109
yale,525717095204397056,1414175697000,41.3039833,-72.9349719
yale,525713699093622785,1414174887000,41.30800449,-72.9306144
yale,525713631145504768,1414174871000,41.3039833,-72.9349719
yale,525699929692323840,1414171604000,41.3039833,-72.9349719
yale,525698060756598784,1414171159000,41.9479276,-91.6562125
yale,525696508868317184,1414170789000,41.3039833,-72.9349719
yale,525696184485441536,1414170712000,33.6723853,-84.45990918
yale,525693053286109184,1414169965000,41.3039833,-72.9349719
yale,525689448902959104,1414169106000,41.30468227,-72.93564542
yale,525684767015321602,1414167989000,41.30264286,-72.93608778
yale,525670276911345664,1414164535000,42.2700324,-74.9244048
yale,525665553965281280,1414163409000,41.3039833,-72.9349719
yale,525664937272934400,1414163262000,41.48693162,-72.80114509
yale,525662106272546816,1414162587000,41.3039833,-72.9349719
yale,525658857150742528,1414161812000,40.75484503,-73.98139476
yale,525658667408838656,1414161767000,41.3039833,-72.9349719
yale,525656112360873984,1414161158000,41.1266232,-73.9741419
yale,525655262367981569,1414160955000,41.3039833,-72.9349719
yale,525651194082254848,1414159985000,40.81221868,-73.93501055
yale,525643437156999168,1414158136000,34.28665522,-118.45899658
yale,525643431394029568,1414158134000,34.28665522,-118.45899658
yale,525642105528389632,1414157818000,4.347188,100.807836
yale,525639898837942273,1414157292000,-37.847274,144.9977636
yale,525638207531393024,1414156889000,41.07012517,-73.49291105
yale,525637505035415552,1414156721000,41.302774,-72.935109
yale,525634789647212544,1414156074000,41.3039833,-72.9349719
yale,525634170937409537,1414155926000,41.315374,-72.9170215
yale,525633074248564736,1414155665000,41.3153572,-72.9170226
yale,525631310736281600,1414155244000,41.3039833,-72.9349719
yale,525628404964802560,1414154552000,41.315438,-72.9170503
yale,525627773117661184,1414154401000,41.302774,-72.935109
yale,525626263546134529,1414154041000,41.3154625,-72.9170502
yale,525626142292975616,1414154012000,41.3154691,-72.9170314
yale,525625482575110144,1414153855000,41.3153206,-72.9170053
yale,525624516022521857,1414153624000,41.3039833,-72.9349719
yale,525600310895468544,1414147853000,39.7507948,-104.9767907
yale,525579877953835008,1414142982000,41.862294,-72.697469
yale,525562675888021504,1414138881000,19.13906203,72.83048433
yale,525557113091678209,1414137554000,41.315634,-73.0799104
yale,525544013156589568,1414134431000,29.9850403,31.1051158
yale,525526641783873537,1414130289000,38.38354223,-121.41857992
yale,525522746584084480,1414129361000,-34.13657245,18.43188822
yale,525515836316868608,1414127713000,19.13835778,72.82462434
yale,525514235070382080,1414127331000,34.42860132,-119.72106667
yale,525513665416400896,1414127196000,30.29223769,-97.74524725
yale,525511473825873920,1414126673000,34.42861615,-119.72142507
yale,525501770836221952,1414124360000,43.05758677,-77.35116655
yale,525500157035839488,1414123975000,51.4586861,-0.1297915
yale,525496353057538048,1414123068000,31.61875251,-94.64954336
yale,525488700294430720,1414121243000,33.675342,-84.75767023
yale,525487389964124162,1414120931000,41.31138889,-72.93166667
yale,525484510386077696,1414120244000,41.401086,-72.851592
yale,525479212208365569,1414118981000,42.3870848,-71.2224478
yale,525472222694375424,1414117315000,35.641372,-88.8392549
yale,525471393266540544,1414117117000,41.3153548,-72.9170282
yale,525469242456813568,1414116604000,40.76449233,-73.95847047
yale,525469192095424512,1414116592000,41.31253448,-72.93072684
yale,525458663004467201,1414114082000,33.6483169,-84.4384178
yale,525454785445888000,1414113157000,41.3153887,-72.9170205
yale,525453208656052225,1414112782000,41.3154268,-72.9170471
yale,525451538425462784,1414112383000,41.3044449,-72.93640499
yale,525448989924012032,1414111776000,41.3039833,-72.9349719
yale,525445593838387200,1414110966000,41.3039833,-72.9349719
yale,525442677979246592,1414110271000,38.86443711,-76.96021856
yale,525440931538157570,1414109854000,40.71714951,-73.95993305
yale,525435185081643009,1414108484000,41.3039833,-72.9349719
yale,525431796549550082,1414107677000,41.3039833,-72.9349719
yale,525429714031493120,1414107180000,41.31175421,-72.92637518
yale,525428335925809155,1414106851000,41.3039833,-72.9349719
yale,525421489089019904,1414105219000,41.3039833,-72.9349719
yale,525420642720821248,1414105017000,41.30746399,-72.92933348
yale,525418026066530304,1414104393000,41.3039833,-72.9349719
yale,525415828716793856,1414103869000,40.72111389,-73.9893365
yale,525414641389043712,1414103586000,41.3039833,-72.9349719
yale,525407828786577408,1414101962000,41.3039833,-72.9349719
yale,525405358031114240,1414101373000,40.71422836,-73.96155168
yale,525400897099407360,1414100310000,41.3039833,-72.9349719
yale,525397883416477697,1414099591000,41.60913996,-87.7942969
yale,525397459934384129,1414099490000,41.3039833,-72.9349719
yale,525394017962696706,1414098669000,41.30813852,-72.93069839
yale,525390569988956160,1414097847000,41.3039833,-72.9349719
yale,525388911737339904,1414097452000,41.30813852,-72.93069839
yale,525387143494258688,1414097030000,41.3039833,-72.9349719
yale,525386800337281024,1414096949000,41.310159,-72.928672
yale,525384508355657728,1414096402000,41.31374732,-72.92450479
yale,525383101082763266,1414096067000,41.30887682,-72.93294277
yale,525382216407584768,1414095856000,40.74078702,-73.98601502
yale,525380275262750721,1414095393000,41.3039833,-72.9349719
yale,525376841222475777,1414094574000,41.3039833,-72.9349719
yale,525361192190373888,1414090843000,41.30866052,-72.92888953
yale,525358687486242816,1414090246000,41.302774,-72.935109
yale,525347028457758720,1414087466000,40.6913483,-73.9146506
yale,525344548277743618,1414086875000,40.764976,-73.969265
yale,525339149680009216,1414085588000,41.3039833,-72.9349719
yale,525333725413113857,1414084295000,26.95912736,-80.09601301
yale,525332149227241473,1414083919000,41.81346956,-72.27127459
yale,525324437545967616,1414082080000,41.30866052,-72.92888953
yale,525322836588904449,1414081698000,42.5019218,-89.0294344
yale,525316132316921857,1414080100000,41.742395,-72.60467509
yale,525315105559281664,1414079855000,47.84124829,-122.20570767
yale,525304821625024512,1414077403000,41.3039833,-72.9349719
yale,525303888803811328,1414077181000,35.59323131,-97.62340414
yale,525301360019775488,1414076578000,41.3039833,-72.9349719
yale,525299638841401345,1414076168000,41.758146,-87.5852667
yale,525297483753476096,1414075654000,39.99874523,-76.35345262
yale,525294530447171584,1414074950000,41.3039833,-72.9349719
yale,525292146786848768,1414074381000,33.2914239,-84.3028857
yale,525292074682159104,1414074364000,38.57655028,-121.49266094
yale,525291079126376448,1414074127000,41.3039833,-72.9349719
yale,525284565624320001,1414072574000,43.09848847,-73.78520692
yale,525278947811270657,1414071235000,33.76173425,-84.39629355
yale,525267052953481216,1414068399000,41.3039833,-72.9349719
yale,525266988730683392,1414068383000,44.89770953,-68.65157306
yale,525260216171257856,1414066769000,29.811087,-95.399374
yale,525260038349127680,1414066726000,-6.90065,107.68842
yale,525256815508852736,1414065958000,41.3039833,-72.9349719
yale,525227829865115648,1414059047000,14.3258941,120.9588329
yale,525225253803687936,1414058433000,40.77456174,-73.98106022
yale,525184418206322689,1414048697000,5.3202654,100.478584
yale,525169531317022720,1414045148000,14.0728025,121.3049434
yale,525130707233165312,1414035891000,41.6211477,-72.9602106
yale,525122889646104576,1414034027000,32.80036926,-79.87687683
yale,525113866133721088,1414031876000,41.38477234,-72.44293964
yale,525106570703945728,1414030137000,40.72195742,-73.99204016
yale,525102940101804034,1414029271000,40.7277093,-73.99427995
yale,525102422159802369,1414029148000,39.99360468,-74.75470655
yale,525093519166562305,1414027025000,41.29196617,-72.61265587
yale,525090385740435457,1414026278000,43.12837107,-77.62885789
yale,525086168841338880,1414025272000,41.302774,-72.935109
yale,525082852955004928,1414024482000,26.20475717,-80.1265859
yale,525079777833545728,1414023749000,41.302774,-72.935109
yale,525079228153593856,1414023618000,40.75484503,-73.98139476
yale,525074150034259968,1414022407000,40.1934595,-76.7336581
yale,525073023842668544,1414022138000,40.7199843,-73.99998719
yale,525072069516881920,1414021911000,40.71969347,-74.00104618
yale,525063447617097728,1414019855000,41.302774,-72.935109
yale,525060892787232768,1414019246000,32.43326108,-86.27771403
yale,525052243540996096,1414017184000,29.5182031,-98.4638418
yale,525049892360581120,1414016623000,32.5837624,-97.08634235
yale,525047437707055104,1414016038000,41.302774,-72.935109
yale,525047355960487937,1414016019000,40.74340135,-73.99412795
yale,525046708406079488,1414015864000,41.30866052,-72.92888953
yale,525043737060470784,1414015156000,-29.9235711,-51.135071
yale,525042578547167232,1414014880000,36.1069141,-115.1420931
yale,525041777384759296,1414014689000,41.3039833,-72.9349719
yale,525038288579481600,1414013857000,41.3039833,-72.9349719
yale,525033129271390208,1414012627000,43.09216878,-79.02657984
yale,525031753585815552,1414012299000,44.5173309,-73.15235278
yale,525031347270606848,1414012202000,41.3039833,-72.9349719
yale,525027915981787136,1414011384000,41.3039833,-72.9349719
yale,525024443865628676,1414010556000,41.302774,-72.935109
yale,525021091803049984,1414009757000,41.302774,-72.935109
yale,525018810102071297,1414009213000,41.32335441,-72.92134012
yale,525010620114956289,1414007260000,41.302774,-72.935109
yale,525008673308172288,1414006796000,41.3048725,-72.92830557
yale,525007662346694656,1414006555000,41.32361791,-72.92170331
yale,525007181104443393,1414006440000,41.3039833,-72.9349719
yale,525006204213288960,1414006207000,39.93997834,-75.16645509
yale,524996284735053824,1414003842000,4.348381,100.8083635
yale,524989824709566464,1414002302000,41.3039833,-72.9349719
yale,524988568213942272,1414002003000,28.04950041,-81.92711139
yale,524988274645823488,1414001933000,41.302774,-72.935109
yale,524981697381556225,1414000365000,41.302774,-72.935109
yale,524968875385843712,1413997308000,41.30866052,-72.92888953
yale,524968465904320512,1413997210000,41.302774,-72.935109
yale,524955143821725696,1413994034000,41.3039833,-72.9349719
yale,524947480379940865,1413992207000,41.310797,-72.9278617
yale,524947429083213824,1413992194000,-37.8473589,144.9977488
yale,524947182005149696,1413992135000,-37.8472363,144.9977726
yale,524924160313540609,1413986647000,29.81295,-95.41173
yale,524895948040712194,1413979920000,41.30866052,-72.92888953
yale,524882186663505923,1413976639000,41.6525971,-88.1970021
yale,524878210002341888,1413975691000,5.6272097,-0.0705236
yale,524852693827715073,1413969608000,4.3466196,100.8075576
yale,524802640740225024,1413957674000,43.0202949,-82.4704954
yale,524781514056142848,1413952637000,34.21444873,-118.54480286
yale,524779002997641218,1413952038000,33.98255682,-118.38069565
yale,524774333227737088,1413950925000,40.06006121,-77.51799722
yale,524757982547292162,1413947027000,41.02028369,-73.87282336
yale,524746275988598784,1413944236000,41.31305556,-72.96055556
yale,524744671176957953,1413943853000,34.2557129,-80.5973937
yale,524744395925778433,1413943787000,40.69902344,-73.81001472
yale,524743945520037888,1413943680000,-37.650692,145.0115994
yale,524741508382359552,1413943099000,27.8586638,-82.299002
yale,524740952448331776,1413942966000,40.78663971,-73.9756366
yale,524740919019708416,1413942958000,27.8586883,-82.2989631
yale,524738998694998016,1413942501000,35.67441374,139.51965828
yale,524737993412988930,1413942261000,31.29317286,-92.45794562
yale,524732156795297792,1413940869000,4.3467415,100.8075284
yale,524730683793883136,1413940518000,53.4741508,-113.5084664
yale,524726124232728576,1413939431000,41.302774,-72.935109
yale,524724623078735874,1413939073000,38.59764378,-90.30385489
yale,524712997650841600,1413936301000,41.302774,-72.935109
yale,524706537206317057,1413934761000,41.302774,-72.935109
yale,524704347943624704,1413934239000,27.9350632,-82.5228494
yale,524703342694772736,1413934000000,29.6496812,-82.343611
yale,524700066687098880,1413933219000,41.302774,-72.935109
yale,524694332839055360,1413931851000,41.3081,-72.9286
yale,524692501744345089,1413931415000,42.73235751,-84.49342196
yale,524676061268021248,1413927495000,26.33345985,-80.28665924
yale,524673964501520384,1413926995000,41.302774,-72.935109
yale,524660881271975936,1413923876000,41.302774,-72.935109
yale,524654367241035776,1413922323000,41.302774,-72.935109
yale,524651640091975680,1413921673000,41.3085,-72.9285
yale,524648014661832704,1413920808000,29.9851445,31.105128
yale,524647785434316800,1413920754000,41.302774,-72.935109
yale,524641225123430400,1413919190000,41.302774,-72.935109
yale,524637306737946624,1413918255000,36.837279,-77.286986
yale,524634039052173312,1413917476000,41.30866052,-72.92888953
yale,524621918226239488,1413914586000,41.302774,-72.935109
yale,524587451063746561,1413906369000,38.02889002,-78.48146521
yale,524587012746002433,1413906264000,19.28568,72.8631615
yale,524583627128975360,1413905457000,4.3469011,100.8081499
yale,524582761877614592,1413905251000,4.3468684,100.8078187
yale,524570947454791680,1413902434000,40.75383472,-73.97743875
yale,524543106612359168,1413895796000,40.76952733,-73.95615875
yale,524536991765897216,1413894338000,12.9205821,77.6547664
yale,524514873422905344,1413889065000,40.77028903,-73.95092131
yale,524437390757097473,1413870592000,37.27168035,-121.88303413
yale,524415527553228800,1413865379000,39.68273522,-104.93955353
yale,524383551366901761,1413857755000,34.09623984,-117.71759137
yale,524376563626700801,1413856089000,41.30813852,-72.93069839
yale,524369171098791937,1413854327000,35.86286766,-78.60378383
yale,524359219580268544,1413851954000,40.74553371,-73.9892188
yale,524351356422082560,1413850080000,40.74580304,-73.99001317
yale,524349892970696704,1413849731000,26.33345985,-80.28665924
yale,524347640927244288,1413849194000,42.29066522,-85.60151808
yale,524344535422222336,1413848453000,41.302774,-72.935109
yale,524342066898546688,1413847865000,41.30797662,-72.92355948
yale,524338250110885888,1413846955000,41.302774,-72.935109
yale,524330305998831616,1413845061000,32.57322208,-97.08750967
yale,524329711745634304,1413844919000,33.68454044,-111.9876467
yale,524326138294714368,1413844067000,35.0758909,-106.6220602
yale,524325429553803267,1413843898000,35.0759959,-106.6223518
yale,524323662497714176,1413843477000,41.30634436,-72.93037385
yale,524322359646224387,1413843166000,9.4516928,-0.8454982
yale,524322260820049922,1413843143000,41.3064522,-72.9302283
yale,524314440842231809,1413841278000,40.02196776,-75.15508731
yale,524313392559824898,1413841028000,40.02150474,-75.15409104
yale,524313139894956032,1413840968000,41.302774,-72.935109
yale,524300552314712067,1413837967000,41.302774,-72.935109
yale,524299910901161984,1413837814000,41.31386297,-72.9239066
yale,524288056321253377,1413834988000,41.302774,-72.935109
yale,524281761258147840,1413833487000,41.302774,-72.935109
yale,524275478757007360,1413831989000,41.302774,-72.935109
yale,524270951169789952,1413830909000,40.679553,-73.987094
yale,524269182171353088,1413830488000,41.302774,-72.935109
yale,524268992262062080,1413830442000,28.5695274,-81.3894017
yale,524262885006925824,1413828986000,41.302774,-72.935109
yale,524251047041441792,1413826164000,15.5789183,32.56202046
yale,524244004016123904,1413824485000,41.302774,-72.935109
yale,524240596547162112,1413823672000,54.55595249,-1.21931998
yale,524239748236607488,1413823470000,36.83574436,-76.30469295
yale,524210262124281856,1413816440000,36.004123,-78.9420655
yale,524159008979288064,1413804220000,41.33681172,-72.91150178
yale,527137418286092289,1414514328000,41.302774,-72.935109
yale,527137131672518656,1414514260000,41.3039833,-72.9349719
yale,527134593057841152,1414513655000,29.9450453,31.2718124
yale,527134358109319168,1414513599000,41.302774,-72.935109
yale,527134212525408256,1414513564000,33.5847034,-117.67939233
yale,527133698273980416,1414513442000,41.3039833,-72.9349719
yale,527132458135719937,1414513146000,41.302774,-72.935109
yale,527132107718815744,1414513062000,41.34514485,-72.97486712
yale,527131510575362048,1414512920000,41.302774,-72.935109
yale,527130227063812096,1414512614000,41.3039833,-72.9349719
yale,527141590314131456,1414515323000,41.302774,-72.935109
yale,527141552737746944,1414515314000,41.31174006,-72.93156966
yale,527140580808073216,1414515082000,41.3039833,-72.9349719
yale,527147431247376384,1414516716000,41.302774,-72.935109
yale,527143993608396800,1414515896000,41.3039833,-72.9349719
yale,527143340119056384,1414515740000,41.302774,-72.935109
yale,527150846241288192,1414517530000,41.302774,-72.935109
yale,527157434217807872,1414519101000,41.302774,-72.935109
yale,527155130596995074,1414518551000,41.302774,-72.935109
yale,527153419455197184,1414518143000,41.302774,-72.935109
yale,527181600388157440,1414524862000,41.3039833,-72.9349719
yale,527179035323797505,1414524251000,41.30866052,-72.92888953
yale,527178906650939393,1414524220000,41.302774,-72.935109
yale,527178127668039680,1414524034000,41.302774,-72.935109
yale,527174736392888321,1414523226000,41.3039833,-72.9349719
yale,527174001828052993,1414523051000,43.80401641,-70.184036
yale,527169161747640321,1414521897000,41.302774,-72.935109
yale,527164419810160640,1414520766000,41.3039833,-72.9349719
yale,527160967419817984,1414519943000,41.3039833,-72.9349719
yale,527160667481341952,1414519871000,41.3222051,-72.921959
yale,527186701177737216,1414526078000,41.30866052,-72.92888953
yale,527185000009961472,1414525673000,41.3039833,-72.9349719
yale,527183408985018369,1414525293000,40.6949552,-73.7912431
yale,527191805612146688,1414527295000,41.3039833,-72.9349719
yale,527190745820565504,1414527043000,41.302774,-72.935109
yale,527188397144543232,1414526483000,41.3039833,-72.9349719
yale,527197531269513216,1414528660000,38.244993,-85.702956
yale,527196756404998144,1414528476000,41.302774,-72.935109
yale,527195235999154176,1414528113000,41.302774,-72.935109
yale,527203220624801793,1414530017000,53.05173108,-3.0038549
yale,527200635134160898,1414529400000,30.0600455,31.1874994
yale,527198657674616833,1414528929000,41.3039833,-72.9349719
yale,527207427708428288,1414531020000,41.302774,-72.935109
yale,527206367820779520,1414530767000,41.31201081,-72.96230647
yale,527205544902160385,1414530571000,41.302774,-72.935109
yale,527205497741783041,1414530560000,41.30404024,-72.93665201
yale,527210832812204033,1414531832000,41.31901274,-72.98501699
yale,527262116152373248,1414544059000,41.95026683,-72.73668277
yale,527260779490181120,1414543740000,41.3039833,-72.9349719
yale,527260205185515520,1414543603000,41.30813852,-72.93069839
yale,527257405319421952,1414542936000,41.3039833,-72.9349719
yale,527255218124103681,1414542414000,41.302774,-72.935109
yale,527254032113352704,1414542131000,41.3039833,-72.9349719
yale,527252769405939715,1414541830000,40.67433981,-73.98227325
yale,527251017243451392,1414541413000,41.302774,-72.935109
yale,527250982439489536,1414541404000,26.33345985,-80.28665924
yale,527250607594143744,1414541315000,41.3039833,-72.9349719
yale,527250316417183746,1414541245000,41.302774,-72.935109
yale,527249344303357954,1414541014000,41.302774,-72.935109
yale,527247201915781120,1414540503000,41.3039833,-72.9349719
yale,527246199905320960,1414540264000,40.67425095,-73.98229415
yale,527244163058634753,1414539778000,41.302774,-72.935109
yale,527244022029758464,1414539745000,41.31201081,-72.96230647
yale,527243874201124864,1414539709000,41.3039833,-72.9349719
yale,527240437275172865,1414538890000,41.3039833,-72.9349719
yale,527237658808832001,1414538228000,41.302774,-72.935109
yale,527237002807099393,1414538071000,41.3039833,-72.9349719
yale,527235941602050050,1414537818000,34.5490625,-118.05358216
yale,527235543172526080,1414537723000,36.1074066,-115.1422814
yale,527230246303457280,1414536460000,41.3039833,-72.9349719
yale,527229390388609025,1414536256000,41.30866052,-72.92888953
yale,527226805048971264,1414535640000,41.302774,-72.935109
yale,527226156194746368,1414535485000,41.3093272,-72.92754812
yale,527226008273817601,1414535450000,41.302774,-72.935109
yale,527225859615117314,1414535414000,41.302774,-72.935109
yale,527225715490828289,1414535380000,41.3094366,-72.92744022
yale,527224574271062016,1414535108000,39.1614497,-84.5065092
yale,527224270632407040,1414535036000,41.302774,-72.935109
yale,527223411290828800,1414534831000,41.3039833,-72.9349719
yale,527222682971303936,1414534657000,41.30924274,-72.92792092
yale,527217380607676417,1414533393000,41.32771671,-72.92151191
yale,527216783363964928,1414533251000,44.08463602,-92.50792553
yale,527215696439033856,1414532991000,41.3039833,-72.9349719
yale,527273544838053888,1414546784000,39.02723262,-77.20474259
yale,527272614939856896,1414546562000,44.63799705,-63.56987066
yale,527272153100865536,1414546452000,41.2727526,-77.2728567
yale,527271865677799425,1414546383000,41.30866052,-72.92888953
yale,527263709304213504,1414544439000,40.67423904,-73.98223903
yale,527277837758496768,1414547807000,40.68932086,-74.40589931
yale,527276089862000640,1414547390000,42.97340665,-78.76083034
yale,527287699187957760,1414550158000,41.3094366,-72.92744022
yale,527286848364613632,1414549955000,41.30866052,-72.92888953
yale,527280115613724672,1414548350000,40.7083736,-74.0139198
yale,527298331760799744,1414552693000,39.0303134,-94.5535173
yale,527303747412951040,1414553984000,41.3110365,-72.9302369
yale,527308403144531969,1414555094000,32.58397827,-97.08631958
yale,527307502312882176,1414554880000,32.58366467,-97.08628298
yale,527305130249814017,1414554314000,41.3110472,-72.9297955
yale,527304155027996672,1414554082000,41.3111056,-72.9301643
yale,527314225203400704,1414556482000,37.56520537,-122.36392663
yale,527333479537999872,1414561073000,40.000202,-83.006387
yale,527336616918929408,1414561821000,45.4179257,-122.6451116
yale,527363271733424128,1414568176000,3.0824085,101.6105622
yale,527416872485277696,1414580955000,-33.95994855,18.45972753
yale,527420419218092032,1414581801000,32.4423613,-84.9135271
yale,527438761827643392,1414586174000,41.3039833,-72.9349719
yale,527442164863614976,1414586986000,41.3039833,-72.9349719
yale,527441174928576512,1414586750000,40.73974902,-73.985628
yale,527446536079171585,1414588028000,41.3039833,-72.9349719