georgetown,527193460022202368,1414527690000,38.90570199,-77.05224249
georgetown,527190757434597376,1414527045000,40.7237973,-73.99927765
georgetown,527187594770382848,1414526291000,38.90736444,-77.0721975
georgetown,527181322570043392,1414524796000,30.6326942,-97.6772311
georgetown,527176779040305152,1414523713000,38.919892,-120.793388
georgetown,527173936346570755,1414523035000,30.64481668,-97.69098759
georgetown,527171981410852865,1414522569000,30.64481668,-97.69098759
georgetown,527166908966371329,1414521360000,38.90229417,-77.06281652
georgetown,527161201755578368,1414519999000,38.2097967,-84.5588311
georgetown,527159624244682752,1414519623000,38.3001,-85.9707
georgetown,527155584366153728,1414518660000,38.90513608,-77.06174007
georgetown,527154600668061696,1414518425000,30.57679606,-97.77100366
georgetown,527152212523618305,1414517856000,38.91142316,-77.07563234
georgetown,527151073988202496,1414517584000,38.90411513,-77.05144612
georgetown,527147123364868097,1414516642000,38.90434341,-77.05135022
georgetown,527143043565371392,1414515670000,5.44864457,100.29729815
georgetown,527139684833820672,1414514869000,28.55994877,-81.71930043
georgetown,527128980986396672,1414512317000,38.90181532,-77.03733586
georgetown,527126342123655168,1414511688000,38.907298,-77.072817
georgetown,527120268330668032,1414510240000,30.482987,-97.678727
georgetown,527119382905102336,1414510028000,38.90528604,-77.0662272
georgetown,527101356088504320,1414505731000,38.90524789,-77.06296269
georgetown,527093619921285121,1414503886000,5.41985889,100.33576289
georgetown,527088299379527680,1414502618000,5.3577097,100.29269035
georgetown,527087305186488320,1414502381000,38.90229417,-77.06281652
georgetown,527086640968531969,1414502222000,5.418984,100.341373
georgetown,527078796311404544,1414500352000,38.90736444,-77.0721975
georgetown,527077124012654592,1414499953000,5.42130552,100.32836914
georgetown,527075921929728001,1414499667000,38.90517645,-77.06601949
georgetown,527074647594913792,1414499363000,33.376834,-79.2944964
georgetown,527072637286375425,1414498883000,38.90736444,-77.0721975
georgetown,527069610747518976,1414498162000,38.2097967,-84.5588311
georgetown,527069581718745089,1414498155000,33.376834,-79.2944964
georgetown,527065754999721984,1414497243000,5.41991513,100.33567642
georgetown,527065233764798466,1414497118000,14.55879064,121.10544179
georgetown,527062174728851456,1414496389000,5.41607,100.33047
georgetown,527049807886819329,1414493440000,5.40571626,100.28805814
georgetown,526994766744281088,1414480318000,33.376667,-79.294722
georgetown,526989025585152000,1414478949000,5.40803074,100.33333352
georgetown,526987558010748928,1414478599000,5.40803074,100.33333352
georgetown,526956354658136064,1414471159000,5.415077,100.341273
georgetown,526946931969253376,1414468913000,45.79304784,-108.61991628
georgetown,526945966117900288,1414468683000,30.6287038,-97.68194295
georgetown,526945914842546177,1414468670000,30.6287038,-97.68194295
georgetown,526945522868043776,1414468577000,30.63305406,-97.68102866
georgetown,526945520636682240,1414468576000,30.63068009,-97.68295265
georgetown,526945520376623104,1414468576000,30.63370253,-97.68927097
georgetown,526938252885098497,1414466844000,28.45766881,-81.31270361
georgetown,526933016493699072,1414465595000,43.77497113,-69.73304727
georgetown,526931821553254400,1414465310000,38.0488438,-84.44049155
georgetown,526923585487507456,1414463347000,38.90127408,-77.06004653
georgetown,526922303746367488,1414463041000,41.58381819,-87.33203704
georgetown,526915385116069889,1414461392000,38.90510644,-77.06040597
georgetown,526911608778670081,1414460491000,38.90736444,-77.0721975
georgetown,526907677809860609,1414459554000,38.90612,-77.04876
georgetown,526904061799702528,1414458692000,38.1369675,-84.5333396
georgetown,526901269894807553,1414458026000,38.85866825,-76.91567577
georgetown,526900966139101184,1414457954000,38.90736444,-77.0721975
georgetown,526900897008582657,1414457937000,38.90507133,-77.06283521
georgetown,526897802132344832,1414457199000,47.8345,-122.27
georgetown,526897727121408000,1414457182000,40.7526792,-73.99450581
georgetown,526891731338670081,1414455752000,5.44863757,100.29755566
georgetown,526885804074090496,1414454339000,38.20760009,-84.55299552
georgetown,526883445503700992,1414453777000,38.86031914,-120.76222872
georgetown,526882800574935040,1414453623000,38.9209218,-77.01779241
georgetown,526880793147109376,1414453144000,38.2097967,-84.5588311
georgetown,526876145627561984,1414452036000,47.54913102,-122.31712836
georgetown,526874740040794112,1414451701000,38.90736444,-77.0721975
georgetown,526874710446198784,1414451694000,38.90508883,-77.06264916
georgetown,526874425921404928,1414451626000,6.8217,-58.1344
georgetown,526870163673866240,1414450610000,38.90409223,-77.06127862
georgetown,526868737308119041,1414450270000,38.90372648,-77.06762292
georgetown,526865483752960001,1414449494000,38.902437,-77.061247
georgetown,526863784779190272,1414449089000,41.48176511,-81.82673514
georgetown,526862673720258560,1414448824000,19.29921018,-81.36963518
georgetown,526858400022294528,1414447805000,19.29921018,-81.36963518
georgetown,526857404835561473,1414447568000,19.29921018,-81.36963518
georgetown,526855364763852800,1414447082000,38.2097967,-84.5588311
georgetown,526849192799789057,1414445610000,38.905186,-77.060659
georgetown,526845755949350912,1414444791000,43.55422105,-79.85746558
georgetown,526845371327078401,1414444699000,38.90736444,-77.0721975
georgetown,526843279929663490,1414444200000,38.2097967,-84.5588311
georgetown,526841420632829953,1414443757000,42.35162557,-71.07468791
georgetown,526838528999981058,1414443068000,39.5634562,-84.1728694
georgetown,526837140777611264,1414442737000,42.35164672,-71.07472534
georgetown,526832300722372608,1414441583000,38.90736444,-77.0721975
georgetown,526831791613968384,1414441461000,38.89974052,-77.07259377
georgetown,526825734216896512,1414440017000,38.91116284,-77.05959726
georgetown,526825675760889857,1414440003000,42.77580177,-86.11297956
georgetown,526824171796692995,1414439645000,38.93016223,-77.18081451
georgetown,526822933491355648,1414439349000,38.89968308,-77.04076432
georgetown,526818888953389056,1414438385000,38.93958454,-76.99839803
georgetown,526818645646016512,1414438327000,30.58085157,-97.69088238
georgetown,526818603992379392,1414438317000,40.7237973,-73.99927765
georgetown,526818214928318464,1414438224000,38.90407136,-77.06019186
georgetown,526817164532015104,1414437974000,38.90193661,-77.06218597
georgetown,526810940814401536,1414436490000,38.9040521,-77.0578891
georgetown,526808900453273600,1414436004000,30.64481668,-97.69098759
georgetown,526808882430353408,1414435999000,38.91269336,-77.07275955
georgetown,526808002897387520,1414435790000,30.64481668,-97.69098759
georgetown,526802944599924736,1414434584000,38.90934977,-77.05710742
georgetown,526802402528477185,1414434454000,38.92636642,-77.07683082
georgetown,526791362172055553,1414431822000,38.89602685,-77.04468536
georgetown,526788911633559552,1414431238000,5.44863757,100.29719952
georgetown,526780885949902848,1414429324000,38.20671312,-84.55528777
georgetown,526778120784064512,1414428665000,38.90736444,-77.0721975
georgetown,526772653127110656,1414427362000,38.90736444,-77.0721975
georgetown,526770857738506241,1414426934000,39.852534,-86.260926
georgetown,526770690918461440,1414426894000,38.97275825,-77.16299994
georgetown,526769122483666946,1414426520000,38.93259937,-76.9964943
georgetown,526761566877011968,1414424718000,38.93263487,-76.99648975
georgetown,526752293945761792,1414422508000,40.75800823,-73.98699447
georgetown,526750589254782977,1414422101000,5.42116747,100.33402166
georgetown,526745376062447616,1414420858000,40.75519308,-73.97339742
georgetown,526741906907074560,1414420031000,33.368346,-79.285464
georgetown,526737516767240192,1414418984000,38.90736444,-77.0721975
georgetown,526733127884869632,1414417938000,38.90513608,-77.06174007
georgetown,526727766805610499,1414416660000,40.62564758,-74.00312421
georgetown,526720966505037824,1414415039000,38.90736444,-77.0721975
georgetown,526719804338896896,1414414761000,30.4700901,-88.2387912
georgetown,526707049623609344,1414411721000,33.376834,-79.2944964
georgetown,526690678235856898,1414407817000,6.4781469,100.5093442
georgetown,526688415144628224,1414407278000,5.32358096,100.43644985
georgetown,526686066167013376,1414406718000,1.31841954,103.8552303
georgetown,526685658652618752,1414406621000,5.41577673,100.32717133
georgetown,526683969870647296,1414406218000,5.40571626,100.28805814
georgetown,526682743879778304,1414405926000,5.40803074,100.33333352
georgetown,526654046615371776,1414399084000,38.96589167,-77.10441667
georgetown,526651761684414464,1414398539000,5.40976639,100.32798629
georgetown,526638672029167616,1414395418000,30.46897165,-97.76518486
georgetown,526636494551650305,1414394899000,38.213237,-84.538283
georgetown,526622164343349248,1414391482000,5.41544278,100.33716251
georgetown,526621962643456000,1414391434000,38.90736444,-77.0721975
georgetown,526621534732181504,1414391332000,38.92264923,-77.07477412
georgetown,526621524258598912,1414391330000,44.25293635,-88.44904821
georgetown,526620376860590081,1414391056000,38.90736444,-77.0721975
georgetown,526597505325494272,1414385603000,5.41875143,100.33641641
georgetown,526588304498511872,1414383409000,36.40305723,-90.02394268
georgetown,526581593138528256,1414381809000,30.6756848,-97.65308714
georgetown,526581319460220928,1414381744000,39.96146227,-76.73787537
georgetown,526569094750158848,1414378830000,42.68670989,-84.56533361
georgetown,526561268388610049,1414376964000,5.36424943,100.29927886
georgetown,526560090812592130,1414376683000,38.90486461,-77.06515393
georgetown,526557123375673344,1414375975000,38.90513608,-77.06174007
georgetown,526554462648029184,1414375341000,30.62979972,-97.64272669
georgetown,526548774844260352,1414373985000,30.70603337,-97.66092874
georgetown,526547116894584832,1414373590000,33.86757965,-84.2816273
georgetown,526542480838524928,1414372484000,33.86757965,-84.2816273
georgetown,526537304870252544,1414371250000,38.89271315,-77.05754282
georgetown,526531152413491200,1414369783000,30.64481668,-97.69098759
georgetown,526529085657583616,1414369291000,38.87711906,-77.05376373
georgetown,526528209039683585,1414369082000,30.65063427,-97.67698475
georgetown,526527138410012672,1414368826000,39.25617533,-80.29019315
georgetown,526525754742284288,1414368496000,40.7237973,-73.99927765
georgetown,526523782274748416,1414368026000,30.6625681,-97.6913158
georgetown,526523372864540673,1414367929000,38.90507133,-77.06283521
georgetown,526520088141520896,1414367145000,38.90229417,-77.06281652
georgetown,526515829005762560,1414366130000,38.90513608,-77.06174007
georgetown,526514332897923072,1414365773000,30.6512,-97.6813
georgetown,526513744256319488,1414365633000,39.05326186,-76.97501713
georgetown,526512488679231488,1414365334000,43.08240717,-77.5949287
georgetown,526510842339405826,1414364941000,38.9047729,-77.05998515
georgetown,526510469646135296,1414364852000,38.90272622,-77.06150294
georgetown,526509923061207040,1414364722000,38.90512955,-77.06675072
georgetown,526509080127750144,1414364521000,38.90512101,-77.0659691
georgetown,526506894421393408,1414364000000,38.90528604,-77.0662272
georgetown,526501988742483969,1414362830000,38.9013115,-77.0605915
georgetown,526500972919799808,1414362588000,38.9012181,-77.0602927
georgetown,526500537639137281,1414362484000,38.89271315,-77.05754282
georgetown,526499561217732609,1414362251000,39.73581807,-75.24781699
georgetown,526498809279676419,1414362072000,32.9374612,-103.3512361
georgetown,526498762626461697,1414362061000,38.91938215,-76.91414843
georgetown,526498258991194112,1414361941000,30.64231828,-97.67869663
georgetown,526497256028270594,1414361702000,38.902437,-77.061247
georgetown,526495568927801345,1414361300000,33.368346,-79.285464
georgetown,526495326522200064,1414361242000,30.6258092,-97.6885307
georgetown,526494122233044992,1414360955000,38.90736444,-77.0721975
georgetown,526493293933494272,1414360757000,47.54743331,-122.32214367
georgetown,526492696882728960,1414360615000,38.904275,-77.060731
georgetown,526491219824619521,1414360263000,38.9021413,-77.06012814
georgetown,526490343345094656,1414360054000,30.6258092,-97.6885307
georgetown,526489143845847041,1414359768000,38.90751882,-77.07276775
georgetown,526479707550666752,1414357518000,38.2097967,-84.5588311
georgetown,526478854597013505,1414357315000,38.2283318,-84.5349581
georgetown,526478099353829376,1414357135000,38.90736444,-77.0721975
georgetown,526477362582781953,1414356959000,6.8,-58.1667
georgetown,526462875036971008,1414353505000,38.90598701,-77.06436031
georgetown,526462866099277826,1414353503000,39.28561033,-80.56882786
georgetown,526459403378376706,1414352677000,38.904326,-77.067472
georgetown,526447733616697346,1414349895000,38.94519185,-77.44070951
georgetown,526447153590177793,1414349756000,42.35164672,-71.07472534
georgetown,526446912447455232,1414349699000,19.33675646,-81.38127354
georgetown,526445714059304960,1414349413000,42.35164672,-71.07472534
georgetown,526442413099724802,1414348626000,38.908648,-77.071602
georgetown,526440901212520448,1414348266000,38.90132011,-77.059972
georgetown,526440445770215425,1414348157000,38.90603349,-77.06415263
georgetown,526437584202104832,1414347475000,38.90736444,-77.0721975
georgetown,526435665421303808,1414347018000,38.27837009,-84.5682048
georgetown,526433401947955200,1414346478000,38.93383777,-76.99791493
georgetown,526432553092517888,1414346275000,38.90673433,-77.0631621
georgetown,526432256521670656,1414346205000,38.920612,-77.01774568
georgetown,526430399262904321,1414345762000,38.90132011,-77.059972
georgetown,526429187901358080,1414345473000,38.1865856,-84.5625208
georgetown,526423220254433281,1414344050000,38.90770103,-77.06376229
georgetown,526421370998362113,1414343609000,38.90407136,-77.06019186
georgetown,526418778675216384,1414342991000,40.29350927,-75.15083465
georgetown,526418416245407744,1414342905000,30.63220422,-97.6931141
georgetown,526416833717350401,1414342528000,38.90736444,-77.0721975
georgetown,526410501530853377,1414341018000,38.88205156,-77.1102127
georgetown,526405211469123584,1414339757000,38.90528604,-77.0662272
georgetown,526403359839125504,1414339315000,5.44863757,100.29719952
georgetown,526403243262631936,1414339287000,36.18449691,-86.485901
georgetown,526399184849498113,1414338320000,38.90193661,-77.06218597
georgetown,526398122478821378,1414338067000,38.90440322,-77.06315842
georgetown,526395745197645824,1414337500000,38.91042531,-77.04364199
georgetown,526395604537470976,1414337466000,38.9054537,-77.0649417
georgetown,526393685626195969,1414337009000,38.90603349,-77.06415263
georgetown,526393496551571456,1414336964000,38.90229417,-77.06281652
georgetown,526393397393645571,1414336940000,5.42015636,100.33291609
georgetown,526391035086503939,1414336377000,38.90603349,-77.06415263
georgetown,526387656830095361,1414335571000,39.03356199,-77.11158675
georgetown,526387084139831297,1414335435000,38.90736444,-77.0721975
georgetown,526384378663153664,1414334790000,5.4140429,100.33926851
georgetown,526383588439523328,1414334601000,5.38808294,100.31789093
georgetown,526383292590088192,1414334531000,38.27834955,-84.56817856
georgetown,526382492572733440,1414334340000,38.89822134,-77.00622098
georgetown,526379832796397570,1414333706000,5.43309,100.30672
georgetown,526377581504126976,1414333169000,30.58383935,-97.68137455
georgetown,526375794135011328,1414332743000,38.9045809,-77.05617602
georgetown,526375509668937728,1414332675000,41.20389516,-73.4684712
georgetown,526374430784897024,1414332418000,38.70136988,-75.3538084
georgetown,526373881066827778,1414332287000,38.70136988,-75.3538084
georgetown,526372928909504512,1414332060000,41.20387474,-73.46841521
georgetown,526362078425399296,1414329473000,38.90127408,-77.06004653
georgetown,526359902831525888,1414328954000,38.93728407,-76.99699108
georgetown,526357060372680705,1414328277000,38.90313025,-77.06268787
georgetown,526352868467822592,1414327277000,38.93262909,-76.9965037
georgetown,526348687597764608,1414326280000,2.22085,102.2496
georgetown,526338040743342080,1414323742000,5.41843479,100.33840621
georgetown,526331694639349760,1414322229000,5.43493545,100.3142526
georgetown,526315134130860032,1414318281000,38.90259019,-77.06114317
georgetown,526300907366273024,1414314889000,5.41985889,100.33576289
georgetown,526297484508008448,1414314073000,5.42257882,100.33513003
georgetown,526297138385678336,1414313990000,47.5134401,19.0673076
georgetown,526294163248005120,1414313281000,5.46862646,100.27835629
georgetown,526287514748080128,1414311696000,5.41991513,100.33567642
georgetown,526285349425668096,1414311179000,38.90570199,-77.05224249
georgetown,526274745344724992,1414308651000,6.08189386,100.36099323
georgetown,526271405730832384,1414307855000,5.41743397,100.32910645
georgetown,526259898267344896,1414305111000,-16.92256642,145.76554637
georgetown,526254391033360385,1414303798000,5.41554531,100.33574336
georgetown,526249778234294273,1414302699000,38.90127408,-77.06004653
georgetown,526237588932530176,1414299792000,5.38304732,100.30616375
georgetown,526234415056572416,1414299036000,38.91471709,-77.03169374
georgetown,526226637776371712,1414297181000,38.90281903,-77.06271843
georgetown,526226562774212608,1414297164000,38.9840864,-77.0949164
georgetown,526217090957451264,1414294905000,38.90281903,-77.06271843
georgetown,526212306875973632,1414293765000,38.9821806,-77.09544058
georgetown,526210667788115968,1414293374000,38.9851409,-77.0977324
georgetown,526209049738883072,1414292988000,30.61929345,-97.69397557
georgetown,526206119640072193,1414292290000,5.4330546,100.3068924
georgetown,526195196439298048,1414289685000,5.409929,100.33256302
georgetown,526193898079924225,1414289376000,38.90272622,-77.06150294
georgetown,526193068039340032,1414289178000,38.90193661,-77.06218597
georgetown,526186483158646784,1414287608000,43.6502758,-79.8992707
georgetown,526185763184988161,1414287436000,38.905225,-77.0624315
georgetown,526184343832887297,1414287098000,5.42738164,100.32168341
georgetown,526179959652745216,1414286053000,47.55143362,-122.31954537
georgetown,526177519570255872,1414285471000,43.649169,-79.926039
georgetown,526176828621619200,1414285306000,41.26497283,-95.93922509
georgetown,526176717564411905,1414285280000,41.26492262,-95.93932627
georgetown,526174348072464384,1414284715000,38.9053405,-77.0616609
georgetown,526173026531172353,1414284400000,41.8783181,-80.8160724
georgetown,526168460099723265,1414283311000,38.99350412,-77.09628303
georgetown,526168399974785024,1414283296000,52.22881012,5.09095685
georgetown,526167096359940098,1414282986000,38.92031955,-77.02366669
georgetown,526166366144200704,1414282812000,38.98095459,-77.09701627
georgetown,526162820514455552,1414281966000,41.26476314,-95.93948431
georgetown,526161352969052161,1414281616000,38.90603349,-77.06415263
georgetown,526159341976838144,1414281137000,38.90193661,-77.06218597
georgetown,526156746080157697,1414280518000,38.90507526,-77.05641098
georgetown,526151045450170368,1414279159000,30.6326942,-97.6772311
georgetown,526149476231442433,1414278785000,38.90045942,-77.01678601
georgetown,526148622313070592,1414278581000,38.91731761,-77.0687123
georgetown,526147865400578048,1414278401000,43.6495936,-79.8987719
georgetown,526146137775173632,1414277989000,47.2886,-122.318
georgetown,526143181617131520,1414277284000,38.90127408,-77.06004653
georgetown,526139962626830336,1414276516000,38.90513608,-77.06174007
georgetown,526138195629858816,1414276095000,38.90507133,-77.06283521
georgetown,526134446953877505,1414275201000,40.7237973,-73.99927765
georgetown,526131795654606848,1414274569000,38.90513608,-77.06174007
georgetown,526131359094300672,1414274465000,40.0680397,-87.71143168
georgetown,526130923406753793,1414274361000,38.90570199,-77.05224249
georgetown,526130421612834816,1414274242000,6.80999895,-58.16072477
georgetown,526128200620179456,1414273712000,38.9013809,-77.0604585
georgetown,526127382101368832,1414273517000,38.90736444,-77.0721975
georgetown,526125062118981632,1414272964000,38.9014665,-77.0610077
georgetown,526124680416342017,1414272873000,30.6421069,-97.70320463
georgetown,526123301224341505,1414272544000,40.7237973,-73.99927765
georgetown,526122465122983936,1414272345000,30.6326942,-97.6772311
georgetown,526119735281606658,1414271694000,38.90847471,-77.07042821
georgetown,526118821828890624,1414271476000,38.9092276,-77.04273955
georgetown,526115387721515008,1414270657000,42.35164672,-71.07472534
georgetown,526113790166052864,1414270276000,38.90518483,-77.06607021
georgetown,526113698608611328,1414270255000,38.90426318,-77.06408503
georgetown,526113078799532032,1414270107000,38.2045725,-84.54505228
georgetown,526113012424638464,1414270091000,38.2072922,-84.55366014
georgetown,526112616922349568,1414269997000,38.90513608,-77.06174007
georgetown,526110910348148736,1414269590000,38.2097967,-84.5588311
georgetown,526109958426083329,1414269363000,38.90132011,-77.059972
georgetown,526109666783162368,1414269293000,38.90513608,-77.06174007
georgetown,526108773480673280,1414269080000,33.50866333,-79.51381667
georgetown,526108158209847296,1414268934000,38.945305,-77.44532562
georgetown,526106911851048961,1414268637000,38.89181576,-77.0299404
georgetown,526106112907808768,1414268446000,33.79343452,-79.01724382
georgetown,526102538148667394,1414267594000,38.98095459,-77.09701627
georgetown,526102525749911552,1414267591000,38.90522149,-77.05939101
georgetown,526101667259764737,1414267386000,25.7231361,-80.20185547
georgetown,526101600386170880,1414267370000,38.90522149,-77.05939101
georgetown,526100528212635649,1414267115000,38.90736444,-77.0721975
georgetown,526100279671148544,1414267055000,38.94516599,-77.07821273
georgetown,526098494466306048,1414266630000,38.90736444,-77.0721975
georgetown,526094747346411520,1414265736000,38.9044807,-77.05855973
georgetown,526094127402737664,1414265588000,38.90127408,-77.06004653
georgetown,526087850736250881,1414264092000,39.915891,-86.2277258
georgetown,526087618745098240,1414264037000,38.90127408,-77.06004653
georgetown,526087575350411264,1414264026000,38.2097967,-84.5588311
georgetown,526086227507023873,1414263705000,30.64481668,-97.69098759
georgetown,526086152894558208,1414263687000,30.64502794,-97.68958366
georgetown,526085655722745856,1414263569000,38.967211,-84.6521243
georgetown,526085591063363584,1414263553000,38.90272622,-77.06150294
georgetown,526084407208443904,1414263271000,37.57519154,-82.64971949
georgetown,526084145077047296,1414263209000,38.90736444,-77.0721975
georgetown,526082873334706177,1414262905000,38.90127408,-77.06004653
georgetown,526080631588257792,1414262371000,37.51080162,-82.54833419
georgetown,526078463686770689,1414261854000,38.90513608,-77.06174007
georgetown,526077947791151105,1414261731000,38.88889861,-77.08484078
georgetown,526075824773267456,1414261225000,38.88889861,-77.08484078
georgetown,526072922725548032,1414260533000,47.54903278,-122.31722178
georgetown,526071050451578881,1414260087000,38.90943902,-77.06632988
georgetown,526070924760866818,1414260057000,37.48643304,-82.54426813
georgetown,526069029887569920,1414259605000,5.44863757,100.29719952
georgetown,526068832692363264,1414259558000,38.90736444,-77.0721975
georgetown,526064168361668608,1414258446000,30.47394346,-97.84970186
georgetown,526062634366296064,1414258080000,38.2097967,-84.5588311
georgetown,526062155528163328,1414257966000,38.90736444,-77.0721975
georgetown,526060088180875266,1414257473000,42.37435169,-71.11517108
georgetown,526057687084445696,1414256900000,47.54911558,-122.31717568
georgetown,526057078725808128,1414256755000,38.90506061,-77.06319094
georgetown,526056835489738752,1414256697000,5.40571626,100.28805814
georgetown,526055128642887680,1414256290000,38.90513608,-77.06174007
georgetown,526051066312687616,1414255322000,41.25527778,-73.43138889
georgetown,526049675422732288,1414254990000,5.44624536,100.30541852
georgetown,526048426731913216,1414254693000,38.90736444,-77.0721975
georgetown,526044807916183552,1414253830000,38.90513608,-77.06174007
georgetown,526044595529207809,1414253779000,5.44624536,100.30541852
georgetown,526044580693966849,1414253776000,38.90517645,-77.06601949
georgetown,526044122071969792,1414253666000,38.90517645,-77.06601949
georgetown,526043415390072834,1414253498000,43.6504416,-79.9272586
georgetown,526043409493270528,1414253496000,38.99811549,-76.99482761
georgetown,526042142603759617,1414253194000,38.99805714,-76.99468631
georgetown,526042113772113920,1414253187000,38.90751882,-77.07276775
georgetown,526039489081524224,1414252562000,5.44624536,100.30541852
georgetown,526039083080900610,1414252465000,30.6326942,-97.6772311
georgetown,526038843376824321,1414252408000,5.44624536,100.30541852
georgetown,526035694351679488,1414251657000,38.30025778,-84.55166555
georgetown,526035491091927040,1414251609000,38.90736444,-77.0721975
georgetown,526033211219279872,1414251065000,5.44624536,100.30541852
georgetown,526032111636348928,1414250803000,53.15864732,6.75310107
georgetown,526029541731758080,1414250190000,30.63220422,-97.6931141
georgetown,526020727494160384,1414248089000,42.90547752,-85.8851711
georgetown,526017396021424128,1414247294000,34.73256996,-85.84001254
georgetown,526015169571586049,1414246763000,38.904945,-77.060432
georgetown,526010449360584704,1414245638000,38.90513608,-77.06174007
georgetown,526009556997246977,1414245425000,38.92647481,-77.2163716
georgetown,526005735185190912,1414244514000,38.33083242,-84.58248361
georgetown,526003946306142208,1414244088000,38.90262121,-77.03889021
georgetown,526003554918883328,1414243994000,5.36513305,100.31580294
georgetown,525997770214481920,1414242615000,38.90372648,-77.06762292
georgetown,525995016326770688,1414241959000,38.90820741,-77.07301319
georgetown,525993505110654976,1414241598000,5.41554531,100.33574336
georgetown,525993237417590784,1414241534000,41.2328874,-96.1196101
georgetown,525992305397071872,1414241312000,38.91113701,-77.04240801
georgetown,525983107283832832,1414239119000,38.90519148,-77.06579302
georgetown,525982947065606144,1414239081000,38.90519148,-77.06579302
georgetown,525980519637344257,1414238502000,31.884605,-85.1074308
georgetown,525980514725806081,1414238501000,31.884605,-85.1074308
georgetown,525978199633567745,1414237949000,38.87759324,-77.01933225
georgetown,525961864061009923,1414234054000,5.4156341,100.3377732
georgetown,525946624699539456,1414230421000,5.43440402,100.31408217
georgetown,525934564397809664,1414227546000,5.40976639,100.32798629
georgetown,525932144133419008,1414226969000,40.75577414,-73.99156846
georgetown,525929013236473856,1414226222000,5.42076106,100.33041
georgetown,525926751680356352,1414225683000,5.41554531,100.33574336
georgetown,525909759699202048,1414221632000,6.08189386,100.36099323
georgetown,525902587095416833,1414219922000,5.43194395,100.30053635
georgetown,525893963723845632,1414217866000,38.90536484,-77.06237216
georgetown,525892864291909632,1414217604000,38.90513608,-77.06174007
georgetown,525891791611252736,1414217348000,6.08189386,100.36099323
georgetown,525876006188777472,1414213584000,5.41875143,100.33641641
georgetown,525874542606962688,1414213235000,38.90127408,-77.06004653
georgetown,525866818062123009,1414211394000,5.40803074,100.33333352
georgetown,525864399391580160,1414210817000,30.6716319,-97.6658839
georgetown,525862798199255040,1414210435000,30.6716319,-97.6658839
georgetown,525857083103510530,1414209073000,39.9723633,-87.6363365
georgetown,525854314460225537,1414208413000,41.89606529,-87.63188168
georgetown,525853001089839105,1414208099000,38.90575,-77.06805556
georgetown,525852367766294528,1414207949000,30.63740577,-97.67693331
georgetown,525848504980078593,1414207028000,33.8517771,-78.6996977
georgetown,525846931608584193,1414206652000,39.96842296,-87.63585182
georgetown,525840218553737217,1414205052000,30.63370254,-97.68927097
georgetown,525834535041134592,1414203697000,30.63082643,-97.77664517
georgetown,525833166007701504,1414203370000,38.03147828,-78.44059143
georgetown,525831973156032512,1414203086000,5.4208709,100.32600364
georgetown,525831750140715009,1414203033000,39.97298077,-87.63960443
georgetown,525831523589578752,1414202979000,38.90860475,-77.07053708
georgetown,525830050856202242,1414202628000,33.7934024,-78.9981937
georgetown,525828243991957505,1414202197000,38.03104952,-78.48309455
georgetown,525824782512951296,1414201372000,38.91966701,-77.08041208
georgetown,525822632873443328,1414200859000,38.9046566,-77.0585726
georgetown,525818398388011008,1414199850000,33.88559526,-80.13660709
georgetown,525807513531600896,1414197254000,38.90519148,-77.06579302
georgetown,525805564681797632,1414196790000,33.8000947,-79.0004131
georgetown,525802668368072704,1414196099000,38.90507133,-77.06283521
georgetown,525789520319774720,1414192965000,38.909509,-77.05523
georgetown,525786465562030081,1414192236000,37.75396493,-84.33066341
georgetown,525783472208879616,1414191523000,42.35885883,-71.01867504
georgetown,525780071072538626,1414190712000,38.90513608,-77.06174007
georgetown,525779747368759296,1414190634000,38.898762,-77.022171
georgetown,525779321529856000,1414190533000,41.36837533,-88.92099802
georgetown,525778537325027328,1414190346000,30.64503607,-97.69133826
georgetown,525778423588077569,1414190319000,30.64481668,-97.69098759
georgetown,525777133109788672,1414190011000,38.90127408,-77.06004653
georgetown,525776349785370626,1414189824000,38.907884,-77.032368
georgetown,525776165982961664,1414189781000,38.20753751,-84.55289058
georgetown,525775682178396160,1414189665000,33.86757965,-84.2816273
georgetown,525775130111119360,1414189534000,38.90570199,-77.05224249
georgetown,525774980609740800,1414189498000,38.907568,-77.05645
georgetown,525774907448504320,1414189481000,38.9057,-77.0632
georgetown,525773343988154369,1414189108000,33.430776,-79.323459
georgetown,525773022322769920,1414189031000,38.90564327,-77.0661123
georgetown,525771990196813825,1414188785000,38.90500857,-77.05123779
georgetown,525769284543598592,1414188140000,39.03544324,-77.10969206
georgetown,525766801956040706,1414187548000,38.90513608,-77.06174007
georgetown,525762026669625344,1414186410000,41.48176511,-81.82673514
georgetown,525761173393010688,1414186206000,43.64861619,-79.92456357
georgetown,525760868491862016,1414186133000,40.14472412,-87.60088096
georgetown,525753752578306048,1414184437000,30.6293526,-97.6925334
georgetown,525753409677574144,1414184355000,38.90268944,-77.0629549
georgetown,525751590133964800,1414183921000,42.72165778,-70.99193112
georgetown,525749837254631424,1414183503000,38.90514419,-77.06166774
georgetown,525748848124510208,1414183267000,39.97740411,-87.63159588
georgetown,525739914810245121,1414181138000,38.2097967,-84.5588311
georgetown,525735352188014592,1414180050000,38.90513906,-77.06556961
georgetown,525730102424776704,1414178798000,38.90517645,-77.06601949
georgetown,525726136945623040,1414177853000,33.20062723,-87.52304493
georgetown,525714193534963712,1414175005000,40.7518446,-73.9908161
georgetown,525710547342196736,1414174136000,40.0364407,-87.6346607
georgetown,525707134802345984,1414173322000,5.3577097,100.29269035
georgetown,525704494362152960,1414172693000,38.90513608,-77.06174007
georgetown,525703086551990273,1414172357000,30.6512,-97.6813
georgetown,525702675527401472,1414172259000,38.9090386,-77.0751894
georgetown,525701615794532352,1414172006000,33.365426,-79.250608
georgetown,525701429491924994,1414171962000,38.90852245,-77.0723687
georgetown,525698461224542208,1414171254000,37.7469655,-121.9447563
georgetown,525698342588649472,1414171226000,40.0364829,-87.6346683
georgetown,525696238357053440,1414170724000,38.88980435,-83.89424098
georgetown,525696238285754368,1414170724000,38.86240725,-83.91044938
georgetown,525696237274927104,1414170724000,38.86828347,-83.90856129
georgetown,525694995635109888,1414170428000,38.9077848,-77.07574359
georgetown,525693500378333184,1414170072000,38.8994186,-77.0464975
georgetown,525693430731902976,1414170055000,30.68202674,-97.7192268
georgetown,525687379160735744,1414168612000,39.9797399,-87.6307824
georgetown,525686015407972352,1414168287000,38.91156821,-77.0751285
georgetown,525685593096073217,1414168186000,30.68202674,-97.7192268
georgetown,525684671380602881,1414167967000,38.90736444,-77.0721975
georgetown,525683184223387648,1414167612000,39.73122994,-105.69131166
georgetown,525679832534106112,1414166813000,38.93532533,-76.85289599
georgetown,525677823630245888,1414166334000,38.90437868,-77.06289154
georgetown,525676153860669440,1414165936000,5.4140429,100.33926851
georgetown,525676137272209408,1414165932000,5.41985297,100.32672546
georgetown,525675687420502017,1414165825000,5.4140429,100.33926851
georgetown,525669101386358784,1414164254000,5.41985297,100.32672546
georgetown,525666630789918721,1414163665000,40.4764062,-87.662413
georgetown,525664236639236096,1414163095000,40.14486506,-87.60115847
georgetown,525661584555642880,1414162462000,38.2097967,-84.5588311
georgetown,525658949354536961,1414161834000,38.8893,-77.05012222
georgetown,525658360847544321,1414161694000,5.40571626,100.28805814
georgetown,525654853457297408,1414160857000,30.51502967,-97.78744917
georgetown,525654623064182785,1414160803000,5.40571626,100.28805814
georgetown,525647723882881024,1414159158000,5.41843479,100.33840621
georgetown,525646647154704384,1414158901000,38.9090563,-77.0751733
georgetown,525638662290440192,1414156997000,38.88945379,-77.0351667
georgetown,525637909379305472,1414156818000,38.88945379,-77.0351667
georgetown,525636589863833600,1414156503000,38.88945379,-77.0351667
georgetown,525634030830895105,1414155893000,38.80153161,-77.08601467
georgetown,525628320265027585,1414154531000,5.42290943,100.33483228
georgetown,525625660492902400,1414153897000,38.90513608,-77.06174007
georgetown,525624126531440641,1414153532000,33.37696783,-79.2948854
georgetown,525623095843749888,1414153286000,38.88945379,-77.0351667
georgetown,525620108249407488,1414152574000,38.2097967,-84.5588311
georgetown,525620058739847170,1414152562000,33.376834,-79.2944964
georgetown,525612274783092736,1414150706000,41.3153305,-72.9170263
georgetown,525605067878330368,1414148988000,39.852534,-86.260926
georgetown,525604038520606720,1414148742000,5.40856103,100.3326836
georgetown,525595129177190400,1414146618000,6.08189386,100.36099323
georgetown,525576808125976576,1414142250000,5.41957587,100.3270655
georgetown,525567331565449216,1414139991000,6.0823668,100.361334
georgetown,525538001384775680,1414132998000,39.05326186,-76.97501713
georgetown,525528951872294912,1414130840000,43.1808525,-71.82449553
georgetown,525524298392272897,1414129731000,1.5506275,110.3689406
georgetown,525512249050685440,1414126858000,5.40803074,100.33333352
georgetown,525510253677260801,1414126382000,33.2058137,-97.1425508
georgetown,525507795681288192,1414125796000,42.30721326,-71.12546888
georgetown,525503616141242368,1414124800000,38.90001389,-77.04991927
georgetown,525503445059379201,1414124759000,38.6901134,-75.3854728
georgetown,525503437656440832,1414124757000,38.6901134,-75.3854728
georgetown,525503255338827776,1414124714000,40.02759712,-87.63217319
georgetown,525492769477758976,1414122214000,38.90530366,-77.07027507
georgetown,525491920416813056,1414122011000,5.41393596,100.31367302
georgetown,525489419802124288,1414121415000,32.57272535,-84.91196148
georgetown,525481446014611456,1414119514000,39.9796648,-87.63069757
georgetown,525476507989590017,1414118337000,5.4118622,100.3269995
georgetown,525474815516622849,1414117933000,30.632961,-97.694856
georgetown,525474810034679809,1414117932000,30.63138673,-97.69513384
georgetown,525469434102943744,1414116650000,47.5574,-122.285
georgetown,525464693503459328,1414115520000,38.20753751,-84.55289058
georgetown,525462754556387328,1414115057000,38.90528604,-77.0662272
georgetown,525462447847907328,1414114984000,38.90736444,-77.0721975
georgetown,525455932315410432,1414113431000,40.80899293,-73.95269199
georgetown,525455329333895168,1414113287000,5.414987,100.323865
georgetown,525454965524164609,1414113200000,42.38936751,-72.53330252
georgetown,525452569494446080,1414112629000,4.93156719,100.67134094
georgetown,525452253352976385,1414112554000,38.905282,-77.070684
georgetown,525445612146556929,1414110970000,33.3670245,-79.28391837
georgetown,525441785959833600,1414110058000,30.64162082,-97.61934597
georgetown,525439526807027713,1414109520000,38.94677561,-92.32211424
georgetown,525439321307103232,1414109471000,38.90517645,-77.06601949
georgetown,525439171784376321,1414109435000,38.94820103,-92.32170294
georgetown,525436789155442688,1414108867000,38.90213705,-77.02144868
georgetown,525436072487301121,1414108696000,38.89777604,-77.01223776
georgetown,525435991742775296,1414108677000,38.90567948,-77.06324458
georgetown,525433938463174656,1414108187000,41.99171108,-70.97333129
georgetown,525430796619116545,1414107438000,38.87794308,-77.02294477
georgetown,525423604117569539,1414105723000,38.90127408,-77.06004653
georgetown,525421870712369152,1414105310000,6.81568562,-58.16070748
georgetown,525417740933533696,1414104325000,38.9038519,-77.06010882
georgetown,525417209230012417,1414104199000,38.90736444,-77.0721975
georgetown,525414377391140865,1414103523000,38.90513608,-77.06174007
georgetown,525412754870771713,1414103137000,51.4586816,-0.1297947
georgetown,525412552491417601,1414103088000,-37.8032216,144.9814606
georgetown,525412542802591744,1414103086000,38.196368,-84.56698
georgetown,525412177197690882,1414102999000,38.22773359,-84.53357492
georgetown,525407522191331328,1414101889000,34.07398571,-118.38374373
georgetown,525405806976831488,1414101480000,38.90887722,-77.07297327
georgetown,525404513138905088,1414101172000,38.89565478,-77.07138087
georgetown,525404309903929347,1414101123000,34.07398571,-118.38374373
georgetown,525395339696955392,1414098985000,25.7231361,-80.20185547
georgetown,525393783064891393,1414098613000,38.90736444,-77.0721975
georgetown,525387647838355457,1414097151000,38.90513608,-77.06174007
georgetown,525384343716630528,1414096363000,38.90519148,-77.06579302
georgetown,525382494636740608,1414095922000,38.90517645,-77.06601949
georgetown,525379468870049793,1414095201000,38.910615,-77.0779315
georgetown,525377669756911616,1414094772000,33.376834,-79.2944964
georgetown,525375184258478081,1414094179000,38.90750254,-77.07738242
georgetown,525373326458650625,1414093736000,23.62259523,-75.91743503
georgetown,525366836196818945,1414092189000,23.62259523,-75.91743503
georgetown,525365857074311168,1414091955000,38.9076879,-77.05881106
georgetown,525365645220012032,1414091905000,38.9075491,-77.05920283
georgetown,525357751942524929,1414090023000,30.66028592,-97.68807825
georgetown,525357015116554240,1414089847000,38.94502647,-77.06370835
georgetown,525354338634694656,1414089209000,5.40495037,100.33294944
georgetown,525344838561316865,1414086944000,14.75048729,-17.46701597
georgetown,525338888622325760,1414085526000,38.90181532,-77.03733586
georgetown,525332955770941440,1414084111000,38.90736444,-77.0721975
georgetown,525326334877503488,1414082532000,38.99080419,-77.2736415
georgetown,525325677772697600,1414082376000,5.44863757,100.29719952
georgetown,525324239159959553,1414082033000,38.90736444,-77.0721975
georgetown,525324078115483649,1414081994000,34.95329051,-81.8991168
georgetown,525322908168896513,1414081716000,5.3881729,100.31830788
georgetown,525322369167261696,1414081587000,31.979444,-81.231944
georgetown,525318127501213696,1414080576000,38.9046298,-77.058572
georgetown,525316220359565312,1414080121000,30.49390664,-97.64892423
georgetown,525311927241961472,1414079097000,30.6508941,-97.67395329
georgetown,525311587100282880,1414079016000,38.90407136,-77.06019186
georgetown,525310096218157056,1414078661000,38.90736444,-77.0721975
georgetown,525302603396046848,1414076874000,33.376834,-79.2944964
georgetown,525291947611942913,1414074334000,1.31841954,103.8552303
georgetown,525290712397787138,1414074039000,5.42116747,100.33402166
georgetown,525289236539641856,1414073688000,41.8025542,-88.1314385
georgetown,525287486772092928,1414073270000,33.376834,-79.2944964
georgetown,525287365754253312,1414073242000,38.9014099,-77.0229317
georgetown,525285916374355968,1414072896000,38.90280914,-77.00214383
georgetown,525285277871669250,1414072744000,5.41561237,100.33553109
georgetown,525283704474976258,1414072369000,6.08189386,100.36099323
georgetown,525283602935054337,1414072344000,5.40803074,100.33333352
georgetown,525283291650592768,1414072270000,38.9014143,-77.0229402
georgetown,525282270236930048,1414072027000,38.9046638,-77.0585997
georgetown,525280564811952128,1414071620000,25.80376973,-80.28917412
georgetown,525273905322553344,1414070032000,38.90592254,-77.06231017
georgetown,525257132526940160,1414066033000,38.90517645,-77.06601949
georgetown,525255947607109633,1414065751000,5.39302989,100.28824167
georgetown,525251267845951488,1414064635000,38.90751882,-77.07276775
georgetown,525248688751267840,1414064020000,3.20972994,101.73708651
georgetown,525244305171308544,1414062975000,3.1986278,101.74195635
georgetown,525243331069370368,1414062743000,5.41554531,100.33574336
georgetown,525236973125246976,1414061227000,5.40571626,100.28805814
georgetown,525236304670642176,1414061068000,5.39302989,100.28824167
georgetown,525232876112347136,1414060250000,5.40803074,100.33333352
georgetown,525231603858300928,1414059947000,5.41843479,100.33840621
georgetown,525220435362074624,1414057284000,6.08189386,100.36099323
georgetown,525220274753794048,1414057246000,5.42090504,100.32596932
georgetown,525210647098032128,1414054950000,5.42197203,100.32484028
georgetown,525183748334428160,1414048537000,5.41545233,100.340862
georgetown,525181497704460288,1414048001000,25.31555556,51.43472222
georgetown,525172563929210882,1414045871000,31.97852486,-81.22434445
georgetown,525166399732588544,1414044401000,42.30454791,-71.41499162
georgetown,525154322049687552,1414041521000,33.3973697,-79.3241867
georgetown,525145050167402496,1414039311000,5.41330334,100.33097347
georgetown,525135968224174080,1414037146000,5.41991513,100.33567642
georgetown,525119316652728320,1414033175000,38.90516131,-77.06716073
georgetown,525116885340536833,1414032596000,38.91742045,-77.06814715
georgetown,525113238124765184,1414031726000,38.88158703,-77.10825976
georgetown,525110498942263298,1414031073000,43.7104864,-79.72242
georgetown,525108527778381824,1414030603000,5.42782944,100.3201552
georgetown,525104985370279937,1414029759000,38.90272622,-77.06150294
georgetown,525103676541927426,1414029447000,5.40315483,100.32175466
georgetown,525101193811750912,1414028855000,41.6821477,-87.6627305
georgetown,525101093655969793,1414028831000,38.90476853,-77.06742648
georgetown,525094336203988992,1414027220000,38.90517645,-77.06601949
georgetown,525087108672000000,1414025497000,38.91554206,-77.06764296
georgetown,525085556808892417,1414025127000,35.59884873,-77.42447644
georgetown,525078443218993153,1414023431000,38.9465335,-77.0705152
georgetown,525076908363751424,1414023065000,30.66630611,-97.69434926
georgetown,525073663817572352,1414022291000,38.89777604,-77.01223776
georgetown,525065967840526336,1414020456000,38.902828,-77.062971
georgetown,525064206702223360,1414020036000,38.195071,-84.561279
georgetown,525061191455232000,1414019317000,38.90182779,-77.02130958
georgetown,525060464603316224,1414019144000,38.90272622,-77.06150294
georgetown,525052459593785344,1414017236000,39.04900172,-77.12043162
georgetown,525049332735946753,1414016490000,38.90357125,-77.05308031
georgetown,525043845721882624,1414015182000,6.81568562,-58.16070748
georgetown,525043149224574977,1414015016000,38.91192456,-77.07670891
georgetown,525042034852519936,1414014750000,38.90522149,-77.05939101
georgetown,525039898663714816,1414014241000,38.90127408,-77.06004653
georgetown,525037505217691648,1414013670000,38.90470072,-77.06116797
georgetown,525036882682318848,1414013522000,38.90736444,-77.0721975
georgetown,525034443212222465,1414012940000,38.90736444,-77.0721975
georgetown,525032260014444544,1414012420000,38.9038519,-77.06010882
georgetown,525031073223565312,1414012137000,38.90516944,-77.06708031
georgetown,525028326126006272,1414011482000,38.90363,-77.060956
georgetown,525027103864270850,1414011190000,38.94889349,-77.08703626
georgetown,525026867653656576,1414011134000,33.34151088,-79.30125564
georgetown,525024508529623040,1414010571000,39.0,-83.78
georgetown,525023338885033984,1414010293000,43.64986,-79.89595
georgetown,525012183290482689,1414007633000,28.45091939,-81.59236778
georgetown,524998231068270593,1414004306000,33.99551999,-81.02812924
georgetown,524990767019065344,1414002527000,39.95078196,-75.14384677
georgetown,524990684177387520,1414002507000,38.91011856,-77.07391586
georgetown,524990516434595840,1414002467000,25.31555556,51.43472222
georgetown,524969524878393345,1413997462000,38.905147,-77.06788007
georgetown,524968913335894016,1413997317000,30.6326942,-97.6772311
georgetown,524968842108227585,1413997300000,35.22483977,-80.84079342
georgetown,524966742640979968,1413996799000,38.90861399,-77.06397094
georgetown,524966574198120448,1413996759000,5.44863757,100.29719952
georgetown,524956836575731712,1413994437000,38.2097967,-84.5588311
georgetown,524955153372553217,1413994036000,38.9992254,-76.9364924
georgetown,524948803611152384,1413992522000,25.31771,51.4437
georgetown,524948258280714240,1413992392000,5.43630908,100.31050098
georgetown,524944449072140288,1413991484000,5.40471805,100.32264049
georgetown,524942802510422017,1413991091000,43.6534358,-79.9323988
georgetown,524941790366138368,1413990850000,25.31775533,51.4438082
georgetown,524936070585417729,1413989486000,25.31555556,51.43472222
georgetown,524935228037799936,1413989285000,5.40803074,100.33333352
georgetown,524934209161666560,1413989042000,25.31555556,51.43472222
georgetown,524931680629686272,1413988440000,40.72384567,-73.99920673
georgetown,524929644005294082,1413987954000,38.90510644,-77.06040597
georgetown,524926052330512384,1413987098000,25.31555556,51.43472222
georgetown,524922690214572032,1413986296000,5.40571626,100.28805814
georgetown,524922041003438081,1413986141000,5.41776491,100.3385701
georgetown,524921068281016320,1413985909000,38.90513608,-77.06174007
georgetown,524919263359172609,1413985479000,5.41751487,100.33819243
georgetown,524917105268105216,1413984965000,5.40571626,100.28805814
georgetown,524912302361804800,1413983819000,38.90513608,-77.06174007
georgetown,524907100259221504,1413982579000,5.39302989,100.28824167
georgetown,524906771828457472,1413982501000,37.93487072,-77.4701196
georgetown,524904749435727872,1413982019000,40.75160288,-73.99416441
georgetown,524904522754584576,1413981965000,25.31555556,51.43472222
georgetown,524894815935533056,1413979650000,31.09363415,-88.23835379
georgetown,524873304533118976,1413974522000,5.44624536,100.30541852
georgetown,524867177963601920,1413973061000,5.34021077,100.29963775
georgetown,524865231970107392,1413972597000,5.42197203,100.32484028
georgetown,524850576337952768,1413969103000,5.41843479,100.33840621
georgetown,524848297094430721,1413968559000,5.41843479,100.33840621
georgetown,524844599077261312,1413967678000,5.41991513,100.33567642
georgetown,524843110443253760,1413967323000,5.4205574,100.33391638
georgetown,524829968401195008,1413964189000,5.41419127,100.3259725
georgetown,524826202880491521,1413963292000,3.06053028,101.58934301
georgetown,524824910452240384,1413962984000,5.41843479,100.33840621
georgetown,524824879645085696,1413962976000,5.41641973,100.34353165
georgetown,524821602773794816,1413962195000,5.41577673,100.32717133
georgetown,524794111434698753,1413955641000,5.41430165,100.33682752
georgetown,524788161348509697,1413954222000,25.77508716,-80.2732666
georgetown,524779079917371392,1413952057000,40.75886534,-73.99534607
georgetown,524764881825042433,1413948672000,5.46473497,100.291233
georgetown,524762854482644992,1413948188000,39.48476688,-119.74504663
georgetown,524760816151584768,1413947702000,39.48474298,-119.74494499
georgetown,524760619933655044,1413947656000,30.71824469,-97.79651199
georgetown,524760014746320896,1413947511000,5.4145653,100.3382506
georgetown,524755770001616897,1413946499000,38.90516961,-77.06149083
georgetown,524746705447550976,1413944338000,38.905925,-77.06417217
georgetown,524741423707344896,1413943079000,38.82968203,-77.20916195
georgetown,524736559187128320,1413941919000,31.5416937,-97.1745119
georgetown,524732558614204416,1413940965000,38.20787012,-84.55306654
georgetown,524732199040327680,1413940879000,30.6326942,-97.6772311
georgetown,524724178495471616,1413938967000,38.92543499,-77.10115855
georgetown,524721158252666881,1413938247000,30.636353,-97.675828
georgetown,524720090076676096,1413937992000,38.90547232,-77.05859901
georgetown,524714954419470336,1413936768000,32.7803238,-96.8074228
georgetown,524704232709308416,1413934212000,-11.681,-14.286
georgetown,524698295474851841,1413932796000,38.90268944,-77.0629549
georgetown,524694359376400384,1413931858000,38.90272622,-77.06150294
georgetown,524686842667761664,1413930066000,38.05110543,-78.68283489
georgetown,524685325860626432,1413929704000,43.649863,-79.895459
georgetown,524678181639688192,1413928001000,36.9561196,-76.2539844
georgetown,524677003195478017,1413927720000,38.99429524,-94.68915821
georgetown,524675682652389376,1413927405000,33.74496847,-84.41200904
georgetown,524675122037526528,1413927271000,39.16639839,-78.16356988
georgetown,524661268762742784,1413923968000,40.7237973,-73.99927765
georgetown,524655575133855744,1413922611000,30.63315549,-97.67798913
georgetown,524652058415497216,1413921772000,38.90491033,-77.06278777
georgetown,524649154442981376,1413921080000,38.90606635,-77.1290127
georgetown,524647911905562624,1413920784000,40.73784809,-73.98815464
georgetown,524646100326948864,1413920352000,39.852534,-86.260926
georgetown,524636151899230208,1413917980000,30.630017,-97.69363891
georgetown,524636019761901570,1413917949000,38.90218387,-77.06014591
georgetown,524630573256806400,1413916650000,33.74241198,-84.43488134
georgetown,524629982878789633,1413916509000,34.073032,-118.343704
georgetown,524626443985498112,1413915665000,30.64481668,-97.69098759
georgetown,524622431731089408,1413914709000,30.64481668,-97.69098759
georgetown,524621130985132032,1413914399000,6.50380927,-58.25271428
georgetown,524619097527836673,1413913914000,30.62295411,-97.6877125
georgetown,524612226117042176,1413912276000,5.39954317,100.32806844
georgetown,524593803689463808,1413907883000,38.90496739,-77.06282959
georgetown,524591736476418048,1413907391000,38.20588986,-84.55920053
georgetown,524574765714272256,1413903344000,38.91982946,-77.01790975
georgetown,524565838167150592,1413901216000,38.90513608,-77.06174007
georgetown,524565669376163840,1413901176000,38.90513608,-77.06174007
georgetown,524520358196441088,1413890373000,38.85963068,-77.23008553
georgetown,524514884978229248,1413889068000,38.88640444,-77.08614038
georgetown,524500436125220864,1413885623000,5.39302989,100.28824167
georgetown,524499519464296448,1413885404000,38.9038519,-77.06010882
georgetown,524489458091962368,1413883006000,6.81261755,-58.16365689
georgetown,524489455315329026,1413883005000,6.81261755,-58.16365689
georgetown,524476601254158337,1413879940000,25.31555556,51.43472222
georgetown,524464274740367361,1413877001000,44.03535918,-123.07112806
georgetown,524451957864681474,1413874065000,5.437452,100.309764
georgetown,524429482284052481,1413868706000,5.41991513,100.33567642
georgetown,524420289690861569,1413866514000,39.7910382,-104.7381224
georgetown,524415219658133505,1413865306000,5.41812026,100.3312256
georgetown,524414715003686913,1413865185000,38.27460893,-84.55412865
georgetown,524413873861173249,1413864985000,34.07398571,-118.38374373
georgetown,524412135703863297,1413864570000,38.90132011,-77.059972
georgetown,524407799116488704,1413863536000,32.02299221,-84.42328546
georgetown,524404623797272576,1413862779000,30.2660617,-97.7231014
georgetown,524395877839155200,1413860694000,42.20266978,-71.68401485
georgetown,524394671603085314,1413860407000,39.05326186,-76.97501713
georgetown,524377604003209216,1413856337000,43.6480999,-79.8865951
georgetown,524373041783259137,1413855250000,5.4222093,100.3139487
georgetown,524370110409351169,1413854551000,30.6325,-97.676944
georgetown,524366500657135616,1413853690000,43.6493436,-79.8928916
georgetown,524358952273076226,1413851891000,38.90519131,-77.059276
georgetown,524358645086433280,1413851817000,40.7237973,-73.99927765
georgetown,524351037671751680,1413850004000,47.55056635,-122.31868306
georgetown,524351020840001536,1413849999000,38.90127408,-77.06004653
georgetown,524346046034767873,1413848813000,38.90687745,-77.06551593
georgetown,524342129297199104,1413847880000,38.90272622,-77.06150294
georgetown,524335199471927296,1413846227000,0.0,0.0
georgetown,524334137805922304,1413845974000,38.90392694,-77.06026889
georgetown,524332845251428352,1413845666000,40.75050886,-73.99332762
georgetown,524332030180741120,1413845472000,38.90480754,-77.06003896
georgetown,524325078423453700,1413843814000,5.41544278,100.33716251
georgetown,524324906012782592,1413843773000,33.86757965,-84.2816273
georgetown,524324376142151680,1413843647000,38.9038519,-77.06010882
georgetown,524318097302224897,1413842150000,48.95227848,-57.94580446
georgetown,524316058543329280,1413841664000,36.40299464,-90.02382032
georgetown,524315761360117760,1413841593000,47.54911558,-122.31717568
georgetown,524313893737226240,1413841148000,38.9789519,-77.0985223
georgetown,524301228914651136,1413838128000,38.1950375,-84.5500309
georgetown,524285645498224640,1413834413000,38.90127408,-77.06004653
georgetown,524274536578285569,1413831764000,38.90515027,-77.06402694
georgetown,524273419291213824,1413831498000,38.90939424,-77.03459046
georgetown,524265597518233600,1413829633000,30.64481668,-97.69098759
georgetown,524260987797790720,1413828534000,36.87781827,-76.41222585
georgetown,524259135731544065,1413828092000,38.902851,-77.06163
georgetown,524252333820354560,1413826471000,5.44863448,100.29741321
georgetown,524241551921545216,1413823900000,30.63890322,-97.67826733
georgetown,524234559714361345,1413822233000,5.41897155,100.33671641
georgetown,524234137033781248,1413822132000,38.90205214,-77.06224707
georgetown,524233424178274304,1413821962000,38.9071923,-77.0368707
georgetown,524225926243303424,1413820175000,11.8640669,30.3606154
georgetown,524217401580085248,1413818142000,30.26960519,-97.74361687
georgetown,527202625708892160,1414529875000,43.64861619,-79.92456357
georgetown,527201437882015746,1414529592000,38.90528012,-77.06234017
georgetown,527205810058047489,1414530634000,38.914482,-77.06678504
georgetown,527212325334679552,1414532188000,38.90128269,-77.05998173
georgetown,527260846104539137,1414543756000,30.66928442,-97.70151241
georgetown,527258573085351937,1414543214000,46.3088338,-79.4514056
georgetown,527257808643698688,1414543032000,47.55529565,-122.32590265
georgetown,527255456579059712,1414542471000,38.90019986,-76.98700175
georgetown,527254722718081024,1414542296000,38.2097967,-84.5588311
georgetown,527253492222939137,1414542003000,38.9127442,-77.07517128
georgetown,527248795579740160,1414540883000,38.90155331,-77.06039552
georgetown,527247871318700032,1414540662000,38.90517645,-77.06601949
georgetown,527241460106543104,1414539134000,38.90127408,-77.06004653
georgetown,527240179682377728,1414538829000,43.63492176,-79.9024779
georgetown,527239522955046914,1414538672000,38.93592312,-77.09117386
georgetown,527229664973299712,1414536322000,47.2886,-122.318
georgetown,527226809004589056,1414535641000,43.50748756,-79.8430917
georgetown,527226430284111873,1414535551000,38.90510644,-77.06040597
georgetown,527222658417426432,1414534651000,38.902437,-77.061247
georgetown,527219366711283712,1414533866000,39.53917265,-76.57271507
georgetown,527218483034349568,1414533656000,38.90333644,-77.02330407
georgetown,527214196954382336,1414532634000,6.81568562,-58.16070748
georgetown,527273090430930944,1414546675000,5.4199285,100.33515104
georgetown,527271350894067712,1414546260000,38.90525969,-77.06215739
georgetown,527270404034134016,1414546035000,38.87473978,-77.10324496
georgetown,527266538756124673,1414545113000,30.6326942,-97.6772311
georgetown,527264668579278850,1414544667000,38.90182779,-77.02130958
georgetown,527273838942638080,1414546854000,47.51782054,-52.7907535
georgetown,527280328579506176,1414548401000,35.22211055,-80.9409947
georgetown,527279910709391360,1414548301000,42.75240149,-87.79987024
georgetown,527298688205336577,1414552778000,38.907825,-77.06321
georgetown,527295838884995072,1414552099000,38.81342238,-76.91908414
georgetown,527291141340004352,1414550979000,38.9092904,-77.0751797
georgetown,527303205106237440,1414553855000,40.74845515,-73.98551655
georgetown,527318466035208192,1414557494000,3.10985041,101.63737993
georgetown,527322616110264320,1414558483000,47.6762,-122.208
georgetown,527338492385562624,1414562268000,5.41742594,100.33504249
georgetown,527334942091386880,1414561422000,33.376834,-79.2944964
georgetown,527350919693107200,1414565231000,5.42090504,100.32596932
georgetown,527363675183910912,1414568272000,33.8676708,-118.3729857
georgetown,527370967652507648,1414570011000,5.41742594,100.33504249
georgetown,527383611163815936,1414573025000,5.41276172,100.32582134
georgetown,527393016189681666,1414575268000,8.48847,124.63948
georgetown,527390794723123200,1414574738000,33.4142382,-82.0657884
georgetown,527395796137033728,1414575931000,5.36405952,100.31050098
georgetown,527413854209179650,1414580236000,30.26960519,-97.74361687
georgetown,527410051552534528,1414579329000,30.26960519,-97.74361687
georgetown,527432662781157377,1414584720000,38.2097967,-84.5588311
georgetown,527437925815169027,1414585975000,38.90736444,-77.0721975
georgetown,527437724110708736,1414585927000,30.26960519,-97.74361687
georgetown,527434905085808642,1414585255000,5.40571626,100.28805814
georgetown,527441674449203201,1414586869000,38.89768935,-77.01292407
georgetown,527449736178307072,1414588791000,5.44624536,100.30541852
georgetown,527445761407987712,1414587843000,30.26960519,-97.74361687