princeton,527143378451177474,1414515749000,43.6495386,-70.22901479
princeton,527137892796465152,1414514442000,40.27770969,-74.73573954
princeton,527136025995669504,1414513996000,40.34837776,-74.65959555
princeton,527135579600076800,1414513890000,38.9247589,-77.02140807
princeton,527135503544774656,1414513872000,40.34744694,-74.65883832
princeton,527135006456811520,1414513753000,40.34710962,-74.65855335
princeton,527134536556376064,1414513641000,40.34595023,-74.65805453
princeton,527134421150093312,1414513614000,40.34586947,-74.65790807
princeton,527134221358219265,1414513566000,40.3487181,-74.6590472
princeton,527134005620396032,1414513515000,40.34677116,-74.65821893
princeton,527132870939512832,1414513244000,40.34385104,-74.65479325
princeton,527132732384878592,1414513211000,40.34412285,-74.65372553
princeton,527132358831796224,1414513122000,40.34392403,-74.65350199
princeton,527132178849992705,1414513079000,40.34394521,-74.65350531
princeton,527132048965005312,1414513048000,40.34433542,-74.65193222
princeton,527131573142183937,1414512935000,40.344947,-74.65070453
princeton,527131218098552833,1414512850000,40.34567752,-74.65016826
princeton,527131053795053568,1414512811000,40.31842,-74.621838
princeton,527130989240516608,1414512796000,40.34512233,-74.64954674
princeton,527130915877556224,1414512778000,40.3487181,-74.6590472
princeton,527130185947447296,1414512604000,40.34493863,-74.64856214
princeton,527129844736212994,1414512523000,40.3487181,-74.6590472
princeton,527129619624099841,1414512469000,40.34561989,-74.64873587
princeton,527129541425123328,1414512450000,40.3487181,-74.6590472
princeton,527129334054944768,1414512401000,51.23150995,-0.57275053
princeton,527129317864902656,1414512397000,40.34721104,-74.6456038
princeton,527129246624657409,1414512380000,40.3455117,-74.6488291
princeton,527129049609801729,1414512333000,40.34517941,-74.64879644
princeton,527126727689265152,1414511780000,40.34549416,-74.64882023
princeton,527126434704551936,1414511710000,40.34530011,-74.64794084
princeton,527126031438987264,1414511614000,49.460755,-120.508878
princeton,527125994956943360,1414511605000,40.34434764,-74.64803314
princeton,527125948068814848,1414511594000,49.460748,-120.508848
princeton,527125677611708416,1414511529000,49.460755,-120.508741
princeton,527124816252645377,1414511324000,40.34859531,-74.6582993
princeton,527124811911548929,1414511323000,40.34431413,-74.64755972
princeton,527124507451195392,1414511250000,38.56432985,-76.0860211
princeton,527121266722213889,1414510478000,40.34384451,-74.64784253
princeton,527120895455002625,1414510389000,40.3440851,-74.64787061
princeton,527120693386027008,1414510341000,40.34423919,-74.64765611
princeton,527118787859193858,1414509887000,40.34451802,-74.64749627
princeton,527117707406491648,1414509629000,40.34778316,-74.65904444
princeton,527116330768805888,1414509301000,40.34220755,-74.63168856
princeton,527114969565777920,1414508976000,40.3572976,-74.6672226
princeton,527114206982995969,1414508794000,40.34429632,-74.64759677
princeton,527110285610737664,1414507859000,38.99278462,-77.05603794
princeton,527109657366896640,1414507710000,42.30935661,-71.52922078
princeton,527107615130931200,1414507223000,49.45706545,-120.50664617
princeton,527107556897218560,1414507209000,49.45803036,-120.5079462
princeton,527106955140427776,1414507065000,40.34427662,-74.647622
princeton,527106862345224194,1414507043000,1.3886259,103.88761037
princeton,527106667436343296,1414506997000,40.34419301,-74.6476448
princeton,527106469440020481,1414506950000,40.34437641,-74.64758537
princeton,527106335692046336,1414506918000,40.34426312,-74.64761269
princeton,527106179282259968,1414506880000,40.3442459,-74.64761253
princeton,527105981957042176,1414506833000,40.34459799,-74.6458764
princeton,527105509946826752,1414506721000,40.34666224,-74.64735416
princeton,527105336315236352,1414506679000,40.34456198,-74.64782392
princeton,527105067217059841,1414506615000,40.34438437,-74.64762334
princeton,527104782973300739,1414506548000,40.34440809,-74.64784781
princeton,527104318122364929,1414506437000,25.8990707,-97.49033513
princeton,527103955340255232,1414506350000,38.54452375,-76.08921145
princeton,527101188651483139,1414505691000,13.070352,77.5767278
princeton,527100683175362560,1414505570000,40.34444444,-74.66444444
princeton,527100041068957696,1414505417000,38.5442304,-76.08937562
princeton,527099151591698433,1414505205000,40.34407695,-74.64755928
princeton,527099026626600960,1414505175000,40.34426233,-74.64752695
princeton,527098621939175426,1414505079000,40.34855428,-74.6526326
princeton,527098168341966849,1414504971000,40.34444444,-74.66444444
princeton,527097255161901056,1414504753000,38.54422596,-76.08938875
princeton,527096495427043329,1414504572000,40.34407177,-74.64784299
princeton,527095904302817283,1414504431000,40.34060653,-74.62366221
princeton,527095735490445312,1414504390000,40.34423727,-74.64773431
princeton,527094938966564864,1414504201000,38.54419523,-76.08941657
princeton,527094831093649408,1414504175000,40.34347552,-74.64874199
princeton,527094795593084928,1414504166000,40.34351465,-74.64860749
princeton,527094651904221185,1414504132000,40.3487181,-74.6590472
princeton,527094644002553856,1414504130000,40.34743898,-74.65927813
princeton,527094440742363136,1414504082000,40.34431769,-74.64775711
princeton,527094196117970944,1414504023000,40.34389553,-74.64818938
princeton,527094085275099136,1414503997000,40.34430013,-74.64762736
princeton,527094075674353665,1414503995000,40.3444254,-74.64773834
princeton,527093965083140096,1414503968000,40.34417297,-74.6480271
princeton,527093770756837377,1414503922000,40.34424271,-74.64765846
princeton,527093536265883648,1414503866000,40.34419523,-74.64768419
princeton,527093366891487233,1414503826000,40.3440653,-74.64774017
princeton,527093217716879360,1414503790000,40.34431794,-74.647622
princeton,527092973100883968,1414503732000,40.34404502,-74.64778485
princeton,527092880213409792,1414503710000,38.54419547,-76.08941548
princeton,527090386259689474,1414503115000,40.34444082,-74.6477779
princeton,527090329909198848,1414503102000,40.310715,-74.6637278
princeton,527089402137567232,1414502880000,40.34376256,-74.64876567
princeton,527088434473889792,1414502650000,40.34514457,-74.64638868
princeton,527088394372149249,1414502640000,40.34354255,-74.64866174
princeton,527088155603009536,1414502583000,40.34438776,-74.64760817
princeton,527087988510302208,1414502543000,40.34439941,-74.64760129
princeton,527086952848162816,1414502297000,38.54421024,-76.08940889
princeton,527086013483479041,1414502073000,40.3572976,-74.6672226
princeton,527085925453410305,1414502052000,40.3487181,-74.6590472
princeton,527085504156549123,1414501951000,40.3487181,-74.6590472
princeton,527084951435747328,1414501819000,40.34408562,-74.65077276
princeton,527084629946540032,1414501743000,40.34352455,-74.64904172
princeton,527083507584368640,1414501475000,32.7837047,-96.8075324
princeton,527083501641039872,1414501474000,40.34439346,-74.64781025
princeton,527082898630131712,1414501330000,40.34536395,-74.65060612
princeton,527082816803467264,1414501310000,40.34441295,-74.64782811
princeton,527082714181435392,1414501286000,40.34442108,-74.64777346
princeton,527082315944837120,1414501191000,40.33850927,-74.60359915
princeton,527081631073714176,1414501028000,40.34427058,-74.64764521
princeton,527081402744209408,1414500973000,40.34424514,-74.64746576
princeton,527080761904881664,1414500820000,40.34743898,-74.65927813
princeton,527080302129471488,1414500711000,40.34394571,-74.64763988
princeton,527080122168659969,1414500668000,28.571034,-81.3742369
princeton,527078967434829824,1414500393000,40.34743898,-74.65927813
princeton,527076310070607872,1414499759000,40.34822037,-74.65908408
princeton,527073882273243136,1414499180000,40.34452393,-74.64751538
princeton,527073744297398273,1414499147000,40.34452393,-74.64751538
princeton,527073655994716160,1414499126000,40.34448227,-74.64763868
princeton,527071748521746432,1414498672000,40.34440247,-74.64761722
princeton,527070200446074880,1414498302000,40.31535683,-74.62482817
princeton,527069197868613632,1414498063000,38.54421012,-76.08940799
princeton,527067224972881921,1414497593000,40.3487181,-74.6590472
princeton,527065362161205248,1414497149000,40.34444444,-74.66444444
princeton,527064154025492480,1414496861000,40.04446713,-75.05334014
princeton,527064120206823424,1414496853000,40.31572839,-74.62434848
princeton,527063696380420096,1414496752000,40.3502926,-74.6583107
princeton,527062493181804544,1414496465000,40.31629915,-74.62376475
princeton,527060097965772802,1414495894000,40.32377546,-74.64420149
princeton,527054085133205504,1414494460000,42.37638292,-85.18238261
princeton,527053525373550592,1414494327000,40.3572976,-74.6672226
princeton,527053524127866881,1414494326000,40.3487181,-74.6590472
princeton,527048724258619392,1414493182000,40.3441176,-74.6495336
princeton,527033364487090176,1414489520000,51.61962826,-0.32197279
princeton,527032090760867840,1414489216000,38.29208442,-87.56418091
princeton,527026583895572481,1414487903000,5.6488181,-0.185076
princeton,526972151111626752,1414474926000,14.61261101,121.03445911
princeton,526957598445412352,1414471456000,40.26936746,-74.7761149
princeton,526953903251017728,1414470575000,36.16088312,-86.7769569
princeton,526937866057048065,1414466751000,28.4485842,77.0966922
princeton,526925700453105665,1414463851000,40.79991769,-74.00956358
princeton,526912734525661184,1414460760000,31.7124059,-99.129701
princeton,526910392346226688,1414460201000,38.5640647,-76.06238566
princeton,526900699029073920,1414457890000,49.45276836,-120.51105595
princeton,526900500810444800,1414457843000,49.45706545,-120.50664617
princeton,526900400633282560,1414457819000,38.56405485,-76.06254266
princeton,526900393130090496,1414457817000,49.45803036,-120.5079462
princeton,526899738885386240,1414457661000,38.56401446,-76.06272731
princeton,526892258587840512,1414455878000,42.280556,-83.7343096
princeton,526885875016138753,1414454356000,42.99007639,-78.81993288
princeton,526876217333784576,1414452053000,40.3098526,-74.665115
princeton,526876205375848448,1414452050000,38.89955482,-77.04584953
princeton,526871644800032768,1414450963000,28.571341,-81.417908
princeton,526868544026202112,1414450224000,38.81822538,-76.93245454
princeton,526865646404239360,1414449533000,35.87626099,-88.39384864
princeton,526862543185539072,1414448793000,40.34853044,-74.66341652
princeton,526862540320829441,1414448792000,40.219065,-74.753876
princeton,526858608940949504,1414447855000,49.460755,-120.508878
princeton,526858549209878528,1414447841000,49.460748,-120.508848
princeton,526858462245187586,1414447820000,49.460755,-120.508741
princeton,526857420056702978,1414447572000,31.89677301,-102.37085323
princeton,526857018284724225,1414447476000,41.36941983,-89.47570445
princeton,526851261837373440,1414446104000,43.12288561,-79.05979424
princeton,526850507428491266,1414445924000,32.2023942,-90.26075135
princeton,526849611433263104,1414445710000,40.31629915,-74.62376475
princeton,526844784410120192,1414444559000,35.90656637,-84.05493602
princeton,526835990263242752,1414442462000,28.5713809,-81.4178652
princeton,526831919733153792,1414441492000,42.38127055,-71.09913195
princeton,526831408258355201,1414441370000,40.3487181,-74.6590472
princeton,526827842684739584,1414440520000,37.361384,-81.045682
princeton,526822621305122816,1414439275000,40.33847464,-74.67070838
princeton,526820431613812736,1414438753000,40.3487181,-74.6590472
princeton,526819255581286400,1414438473000,40.3487181,-74.6590472
princeton,526814713318227969,1414437390000,40.34822037,-74.65908408
princeton,526811577626816515,1414436642000,40.3542647,-74.6620003
princeton,526806960562515968,1414435541000,40.21888025,-74.75371863
princeton,526801660236931073,1414434277000,38.7816412,-90.391165
princeton,526801167255629824,1414434160000,40.34812043,-74.66080596
princeton,526800681668476928,1414434044000,40.35541707,-74.59918931
princeton,526793728501895168,1414432386000,40.3664854,-74.6765556
princeton,526793709535248384,1414432382000,40.3487181,-74.6590472
princeton,526793201462812673,1414432261000,26.86917569,-80.07676371
princeton,526793039650361345,1414432222000,38.5643449,-76.0659796
princeton,526776921003008000,1414428379000,38.54497525,-76.08847618
princeton,526775255650803712,1414427982000,37.3637665,-81.11342584
princeton,526772334888513536,1414427286000,41.46722618,-87.0281348
princeton,526768751350677505,1414426431000,43.0581357,-77.60632242
princeton,526767988293517312,1414426249000,37.115097,-87.863226
princeton,526765749298532352,1414425716000,40.31591015,-74.66056799
princeton,526763008517996545,1414425062000,28.571828,-81.3733
princeton,526759205923868674,1414424156000,40.3487181,-74.6590472
princeton,526750077420048384,1414421979000,49.45276836,-120.51105596
princeton,526750027327500289,1414421967000,49.45706545,-120.50664617
princeton,526749963012014083,1414421952000,49.45803036,-120.5079462
princeton,526749613576167424,1414421869000,40.73542379,-73.21240473
princeton,526747130493288448,1414421277000,40.3502926,-74.6583107
princeton,526739688778784769,1414419502000,38.54457266,-76.08904687
princeton,526737986034356224,1414419096000,28.57094,-81.387299
princeton,526737985535217665,1414419096000,28.57094,-81.387299
princeton,526737981126623232,1414419095000,38.54422272,-76.08937508
princeton,526737837904105472,1414419061000,28.57094,-81.3873009
princeton,526737653245693952,1414419017000,46.07284157,14.46787685
princeton,526733755957121025,1414418088000,40.35023581,-74.66201455
princeton,526733345799933952,1414417990000,38.54423583,-76.08920879
princeton,526731572796329984,1414417567000,40.3487181,-74.6590472
princeton,526730988819197953,1414417428000,38.54421336,-76.08938833
princeton,526727355130478593,1414416562000,41.685753,-90.370574
princeton,526727269113278464,1414416541000,40.3502926,-74.6583107
princeton,526723669146763264,1414415683000,41.20030363,-73.08491665
princeton,526721705671004160,1414415215000,38.3553236,-87.5675222
princeton,526721335570219008,1414415127000,40.34743898,-74.65927813
princeton,526720266336878592,1414414872000,51.4871,-0.2195
princeton,526710451015798784,1414412531000,53.1548899,-6.9313734
princeton,526708693963116544,1414412113000,40.68931194,-73.51381142
princeton,526707652307320833,1414411864000,40.3664854,-74.6765556
princeton,526697428536152064,1414409427000,40.3487181,-74.6590472
princeton,526697415639068672,1414409424000,40.31572839,-74.62434848
princeton,526697323926392833,1414409402000,40.31629915,-74.62376475
princeton,526695336434094080,1414408928000,6.9399953,122.0971841
princeton,526690011996250113,1414407658000,28.5718836,-81.4053718
princeton,526686455213854720,1414406810000,38.56832001,-76.07734988
princeton,526683800005521408,1414406177000,38.5683236,-76.07732691
princeton,526676864253689856,1414404524000,39.52557766,-84.3808271
princeton,526674179685244928,1414403884000,39.93997834,-75.16645509
princeton,526643404810518528,1414396546000,14.61261101,121.03445911
princeton,526629487417786368,1414393228000,42.450812,-71.876245
princeton,526607160349032448,1414387905000,32.85524,-96.9888565
princeton,526594131389612033,1414384799000,38.56404125,-76.06282841
princeton,526593736969822208,1414384705000,38.56404598,-76.06264353
princeton,526593454856732672,1414384637000,38.56403666,-76.06269136
princeton,526593098689036288,1414384553000,38.56392025,-76.06258474
princeton,526591595408527361,1414384194000,38.5639709,-76.06272325
princeton,526579596599525376,1414381333000,33.18223385,-96.49168393
princeton,526571745084735488,1414379461000,28.5714242,-81.4070358
princeton,526559993852866561,1414376660000,41.6325941,-85.0122922
princeton,526559418633437184,1414376523000,37.36024465,-81.04437845
princeton,526557607608479744,1414376091000,42.665145,-71.2958461
princeton,526556558529167360,1414375841000,40.79571953,-77.85774176
princeton,526551805174763520,1414374707000,40.34722277,-74.65776758
princeton,526545562481352704,1414373219000,33.17131757,-96.49958403
princeton,526541405058252800,1414372228000,40.52344581,-74.63418752
princeton,526540340719652865,1414371974000,40.37357623,-74.6193047
princeton,526539250406146049,1414371714000,40.80665502,-77.85709696
princeton,526537996804562944,1414371415000,40.35010894,-74.66002777
princeton,526537126159343616,1414371208000,49.03173708,2.06112237
princeton,526533541652606976,1414370353000,37.49845018,-122.49652681
princeton,526532414118445056,1414370084000,40.34743898,-74.65927813
princeton,526528125308764161,1414369062000,40.33949183,-74.65057845
princeton,526526372404269056,1414368644000,37.36191798,-81.04595831
princeton,526526132871774209,1414368587000,40.67528439,-74.23037337
princeton,526524367572705280,1414368166000,40.67299231,-74.28064451
princeton,526524138383761408,1414368111000,32.22772129,-110.95051758
princeton,526522967698980864,1414367832000,33.18209973,-96.49203954
princeton,526517282554798080,1414366477000,40.34743898,-74.65927813
princeton,526515959767396352,1414366161000,40.3020758,-74.682314
princeton,526512059794464768,1414365231000,37.35720751,-79.92383262
princeton,526510211750981632,1414364791000,40.152475,-74.03829209
princeton,526510086449946624,1414364761000,40.1369204,-105.112476
princeton,526508303514628096,1414364336000,40.3147799,-74.65813
princeton,526504125899743232,1414363340000,40.54124531,-74.35932153
princeton,526501302122315777,1414362667000,28.5715079,-81.3709372
princeton,526500723820089344,1414362529000,33.18287418,-96.51875411
princeton,526494988193234945,1414361161000,28.571828,-81.3733
princeton,526486254687617025,1414359079000,40.3147799,-74.65813
princeton,526483232431165440,1414358358000,38.3553236,-87.5675222
princeton,526474763334844416,1414356339000,40.34989974,-74.65995546
princeton,526472280017498112,1414355747000,33.67696202,-111.91507618
princeton,526471351184658432,1414355526000,40.34995077,-74.65902
princeton,526467842737061888,1414354689000,40.3487181,-74.6590472
princeton,526467033857552385,1414354496000,37.9086735,-122.2897114
princeton,526464135064997890,1414353805000,40.34393564,-74.66051102
princeton,526461661780377600,1414353216000,40.34743898,-74.65927813
princeton,526461366400344064,1414353145000,40.3487181,-74.6590472
princeton,526461266248744960,1414353121000,40.3572976,-74.6672226
princeton,526461001017733120,1414353058000,40.3487181,-74.6590472
princeton,526460565007249408,1414352954000,40.3487181,-74.6590472
princeton,526456863614062592,1414352072000,39.33027778,-84.43111111
princeton,526455687271153664,1414351791000,47.63382081,-92.73957
princeton,526453519805853696,1414351274000,40.33202038,-74.725914
princeton,526453073934168064,1414351168000,40.3487181,-74.6590472
princeton,526452665770065920,1414351071000,40.34743898,-74.65927813
princeton,526449548169056256,1414350327000,40.33949183,-74.65057845
princeton,526445052227497985,1414349255000,40.348756,-74.651581
princeton,526440638510661632,1414348203000,40.35014258,-74.66107275
princeton,526435664615575553,1414347017000,40.3572976,-74.6672226
princeton,526432924821127168,1414346364000,40.35014258,-74.66107275
princeton,526425424944201729,1414344576000,40.76825534,-73.98494978
princeton,526421994691379200,1414343758000,40.35032702,-74.65768323
princeton,526421972440612864,1414343753000,40.32950383,-74.67604424
princeton,526421096661540866,1414343544000,43.0217434,-76.11734689
princeton,526418152901865472,1414342842000,40.35063653,-74.65752617
princeton,526417211226071041,1414342618000,37.36350472,-81.05143096
princeton,526416518700367872,1414342453000,40.35467147,-74.64493275
princeton,526406943037214720,1414340170000,28.5711172,-81.4232949
princeton,526406437350551553,1414340049000,40.3487181,-74.6590472
princeton,526404940714246145,1414339692000,40.31613769,-74.62394555
princeton,526402511851114497,1414339113000,40.3572976,-74.6672226
princeton,526401893153931264,1414338966000,28.5713809,-81.4178652
princeton,526396619932315649,1414337708000,40.22227148,-74.75329097
princeton,526396299353276416,1414337632000,40.30289805,-74.67960835
princeton,526395370780512256,1414337411000,40.34444444,-74.66444444
princeton,526393801901105152,1414337036000,40.33965704,-74.65064539
princeton,526393718937747457,1414337017000,49.45706545,-120.50664617
princeton,526393560191758337,1414336979000,49.45803036,-120.5079462
princeton,526391075812814849,1414336387000,40.3487181,-74.6590472
princeton,526389033979899904,1414335900000,40.33949183,-74.65057845
princeton,526386791528804355,1414335365000,28.5714242,-81.4070358
princeton,526384377258053632,1414334789000,40.35034477,-74.66141611
princeton,526383706966355969,1414334630000,40.34743898,-74.65927813
princeton,526379779122278400,1414333693000,25.5183511,-80.4111766
princeton,526379042145304576,1414333517000,40.6805533,-74.2771458
princeton,526374505212805120,1414332436000,42.31032959,-71.52952817
princeton,526371583661588480,1414331739000,22.5030216,88.3502082
princeton,526370301118910466,1414331433000,40.3487181,-74.6590472
princeton,526366131649794048,1414330439000,39.2898378,-84.4904576
princeton,526365821908426752,1414330366000,40.3487181,-74.6590472
princeton,526359986537234432,1414328974000,40.3457576,-74.64976692
princeton,526357716843765760,1414328433000,40.34444444,-74.66444444
princeton,526355949854789632,1414328012000,40.3502926,-74.6583107
princeton,526343021395472384,1414324929000,39.99799956,-82.88549423
princeton,526341176497299456,1414324490000,42.35499054,-71.34078166
princeton,526341134251872256,1414324480000,40.3487181,-74.6590472
princeton,526328835017420800,1414321547000,40.3487181,-74.6590472
princeton,526326359992586240,1414320957000,28.5703791,-81.3643939
princeton,526285982954319872,1414311330000,26.15831877,-97.81540437
princeton,526280189769428992,1414309949000,34.75918596,-86.58124231
princeton,526243814395351042,1414301277000,40.70979678,-74.0129052
princeton,526238222544695298,1414299943000,32.73240577,-117.01725832
princeton,526237196966436864,1414299699000,32.8551943,-96.988822
princeton,526236022154072064,1414299419000,33.36867754,-96.07014689
princeton,526229646392557568,1414297899000,40.35690741,-74.61669219
princeton,526228002225782784,1414297507000,14.61316706,121.03418443
princeton,526214702985412608,1414294336000,32.90689793,-97.32686078
princeton,526206630271397889,1414292411000,39.02383246,-88.57108282
princeton,526204736262139904,1414291960000,35.5242501,-78.31704572
princeton,526203542290575360,1414291675000,39.02284147,-88.57030685
princeton,526202132589215746,1414291339000,35.5242501,-78.31704572
princeton,526191190631538688,1414288730000,35.507091,-78.317183
princeton,526188356901031939,1414288055000,39.02393966,-88.57110159
princeton,526185212506820610,1414287305000,41.94673876,-71.28969018
princeton,526184930418900992,1414287238000,39.02314749,-88.57169118
princeton,526179850667966464,1414286027000,33.434204,-111.99563197
princeton,526179694258180098,1414285989000,49.45706545,-120.50664617
princeton,526179596702842883,1414285966000,49.45803036,-120.5079462
princeton,526174923799396353,1414284852000,40.3508843,-74.66211241
princeton,526174462572781568,1414284742000,40.6913621,-73.96232471
princeton,526173990910701569,1414284629000,41.93268919,-88.43245923
princeton,526168794428088320,1414283390000,25.6436283,-80.3037975
princeton,526168457147322368,1414283310000,40.13311624,-74.69761385
princeton,526168272774103040,1414283266000,40.34566638,-74.65048497
princeton,526167309778305024,1414283037000,38.3602599,-87.5888882
princeton,526162585645621248,1414281910000,37.361384,-81.045682
princeton,526152254328680448,1414279447000,40.3511044,-74.65586844
princeton,526147755803439104,1414278374000,40.34743898,-74.65927813
princeton,526146114656174081,1414277983000,38.3664143,-87.5771667
princeton,526145846598197248,1414277919000,40.3176897,-74.655631
princeton,526143732521783296,1414277415000,40.67299231,-74.28064451
princeton,526143699797823489,1414277407000,38.90181532,-77.03733586
princeton,526143458478526465,1414277350000,33.36675042,-96.07818581
princeton,526142203203043329,1414277051000,40.3020758,-74.682314
princeton,526140579428974592,1414276664000,40.35624929,-74.61308856
princeton,526135172463222785,1414275374000,40.3508478,-74.65571332
princeton,526134137187336193,1414275128000,40.76243756,-73.95665101
princeton,526133695389114369,1414275022000,40.3486,-74.6594
princeton,526132765780373504,1414274801000,42.333112,-71.171932
princeton,526131870615228416,1414274587000,34.54683803,-78.01286132
princeton,526129545272119296,1414274033000,40.76243756,-73.95665101
princeton,526129510878425088,1414274025000,40.76243756,-73.95665101
princeton,526128629596446720,1414273814000,40.34743898,-74.65927813
princeton,526128506020044800,1414273785000,40.25752459,-74.64898976
princeton,526125478927958017,1414273063000,40.34890609,-74.65025394
princeton,526124798414708736,1414272901000,40.35036242,-74.66016204
princeton,526124177666113537,1414272753000,40.34495203,-74.65813165
princeton,526123491721244673,1414272589000,42.36668665,-71.13588666
princeton,526123242751533056,1414272530000,26.31716363,-80.07513673
princeton,526122739690909697,1414272410000,40.34743898,-74.65927813
princeton,526120188484517888,1414271802000,39.44244008,-76.34569198
princeton,526118889261121539,1414271492000,40.2385415,-74.77063353
princeton,526118682179952642,1414271443000,40.35075135,-74.66025309
princeton,526117457116012544,1414271151000,40.34684667,-74.66111167
princeton,526111636806172672,1414269763000,40.38977365,-74.65627969
princeton,526109724492980224,1414269307000,40.34966763,-74.65974927
princeton,526109162091315200,1414269173000,40.31639082,-74.62347164
princeton,526109028225523713,1414269141000,40.3487181,-74.6590472
princeton,526107952566910976,1414268885000,40.34743898,-74.65927813
princeton,526106792024367105,1414268608000,40.31629915,-74.62376475
princeton,526106717688700929,1414268590000,38.85590605,-77.04118508
princeton,526105375050051585,1414268270000,42.37389903,-71.11831639
princeton,526105259534741504,1414268243000,30.6006229,-96.3392895
princeton,526103141067292672,1414267738000,40.34743898,-74.65927813
princeton,526100771583295488,1414267173000,37.36136767,-81.0776271
princeton,526098059801817088,1414266526000,40.3457576,-74.64976692
princeton,526097683874717698,1414266436000,40.35126406,-74.66035352
princeton,526096219605848064,1414266087000,40.26695432,-74.72555651
princeton,526096044908900352,1414266046000,25.54863544,-80.3936161
princeton,526094665045786624,1414265717000,40.34829176,-74.65570358
princeton,526094285246955521,1414265626000,40.3487181,-74.6590472
princeton,526093353633726464,1414265404000,40.364048,-74.65126801
princeton,526092248237473792,1414265140000,40.3457576,-74.64976692
princeton,526091714159968256,1414265013000,40.3457576,-74.64976692
princeton,526091353034199041,1414264927000,40.3457576,-74.64976692
princeton,526090303737200640,1414264677000,40.3457576,-74.64976692
princeton,526089981358395394,1414264600000,40.3510944,-74.66084109
princeton,526088928991145985,1414264349000,34.252236,-84.33371798
princeton,526088164033966080,1414264167000,40.34575913,-74.64996457
princeton,526087950833315841,1414264116000,40.3457576,-74.64976692
princeton,526087816128655360,1414264084000,40.3487181,-74.6590472
princeton,526086933303549953,1414263873000,40.3457576,-74.64976692
princeton,526086585411203072,1414263790000,40.3498394,-74.6612889
princeton,526084472228544512,1414263287000,40.34560607,-74.65029524
princeton,526084218863230976,1414263226000,37.32053472,-81.13460074
princeton,526083756332183552,1414263116000,40.33202038,-74.725914
princeton,526083733648965632,1414263110000,40.3572976,-74.6672226
princeton,526082277353480192,1414262763000,40.3457576,-74.64976692
princeton,526082155508948992,1414262734000,40.35068545,-74.65837062
princeton,526080701595414528,1414262388000,40.34546957,-74.64946794
princeton,526077826915524608,1414261702000,33.17692394,-96.4906422
princeton,526077636746170368,1414261657000,40.3561713,-74.6648883
princeton,526076874133614592,1414261475000,40.34644527,-74.65007479
princeton,526075657240207361,1414261185000,40.26194277,-74.6398059
princeton,526074775580712961,1414260975000,40.34743898,-74.65927813
princeton,526074728180506625,1414260963000,40.3487181,-74.6590472
princeton,526073789072039937,1414260739000,51.48699623,-0.13017691
princeton,526071243486019584,1414260133000,40.32916667,-74.67666667
princeton,526070499663962112,1414259955000,40.2503527,-74.59659254
princeton,526069689127272448,1414259762000,40.34541765,-74.65016373
princeton,526069515252416512,1414259720000,40.35068545,-74.65837062
princeton,526067671654096896,1414259281000,40.3487181,-74.6590472
princeton,526067263015628801,1414259184000,40.34566638,-74.65048497
princeton,526066058546118656,1414258896000,40.3453062,-74.65004501
princeton,526064813047574528,1414258599000,40.34616858,-74.64968151
princeton,526063344596172800,1414258249000,40.3487181,-74.6590472
princeton,526063087237865474,1414258188000,40.3487181,-74.6590472
princeton,526060557632536577,1414257585000,43.01475994,-76.13936615
princeton,526057945470353409,1414256962000,40.34570354,-74.65028409
princeton,526057514370998272,1414256859000,40.3457576,-74.64976692
princeton,526057267222020097,1414256800000,40.3461975,-74.65026582
princeton,526056292885221376,1414256568000,40.3561448,-74.6648909
princeton,526055191322583040,1414256305000,40.3455555,-74.6506088
princeton,526053146393841664,1414255818000,49.460755,-120.508878
princeton,526053078328684544,1414255802000,49.460748,-120.508848
princeton,526052954353463297,1414255772000,49.460755,-120.508741
princeton,526052023180222464,1414255550000,40.34822037,-74.65908408
princeton,526049688714096642,1414254993000,25.064569,55.187834
princeton,526048865783676928,1414254797000,40.34543097,-74.65033019
princeton,526048250407567361,1414254651000,42.5501827,-83.2077317
princeton,526047690220527616,1414254517000,34.03787957,-118.08042797
princeton,526047130473881601,1414254384000,36.7851158,-119.7601387
princeton,526044514431942656,1414253760000,40.349197,-74.66291
princeton,526041645255782400,1414253076000,40.3081999,-74.6685791
princeton,526039797954252801,1414252635000,40.34880974,-74.65210202
princeton,526038442212605952,1414252312000,40.35605316,-74.61146276
princeton,526035310707507200,1414251565000,40.88503695,-73.90075587
princeton,526034841201295362,1414251454000,40.33723084,-74.64520624
princeton,526034565731987456,1414251388000,49.45276836,-120.51105595
princeton,526034419287879680,1414251353000,49.45706545,-120.50664617
princeton,526034305538326529,1414251326000,49.45803036,-120.5079462
princeton,526033635187916800,1414251166000,25.53958357,-80.4088731
princeton,526033472625074176,1414251127000,40.349886,-74.659406
princeton,526030915244666881,1414250518000,35.78669388,-78.75117011
princeton,526028636827045888,1414249974000,1.28336301,103.85786298
princeton,526025527958990848,1414249233000,40.303714,-74.676249
princeton,526022155981832192,1414248429000,40.30654721,-74.67752695
princeton,526021460377083904,1414248263000,40.34857377,-74.65279527
princeton,526021445529247744,1414248260000,40.3487181,-74.6590472
princeton,526017798234198016,1414247390000,35.78669279,-78.75117263
princeton,526009430622470145,1414245395000,40.3487181,-74.6590472
princeton,526007847147307008,1414245018000,40.34849233,-74.65575594
princeton,526006746398343168,1414244755000,28.5711484,-81.3894321
princeton,526006218351841282,1414244629000,14.61316706,121.03418443
princeton,526004055307337728,1414244114000,40.3487181,-74.6590472
princeton,526002761670750208,1414243805000,45.569965,-93.5816278
princeton,526001407393296384,1414243482000,40.35034501,-74.65772057
princeton,526000645745041410,1414243301000,25.26004946,55.29124757
princeton,525999735002263553,1414243084000,34.9137856,-81.033496
princeton,525996374450774016,1414242282000,37.36378312,-81.12107813
princeton,525993266081447936,1414241541000,39.42429364,-84.34562
princeton,525993243314364416,1414241536000,40.34872,74.65905
princeton,525992413647896576,1414241338000,36.1170804,-115.1878493
princeton,525990947071348738,1414240988000,40.3487181,-74.6590472
princeton,525990946689671168,1414240988000,40.3487181,-74.6590472
princeton,525989124151721984,1414240554000,28.5711069,-81.4080059
princeton,525987851649818624,1414240250000,40.74795532,-74.11129877
princeton,525986618969423872,1414239956000,28.5711484,-81.3894321
princeton,525986158392524803,1414239847000,40.3487181,-74.6590472
princeton,525984767120908288,1414239515000,40.3487181,-74.6590472
princeton,525981118630465536,1414238645000,39.56494843,-76.34786708
princeton,525979849467650048,1414238343000,40.8901707,-74.5290169
princeton,525979226961244165,1414238194000,25.05801763,55.18437381
princeton,525974026712530944,1414236954000,28.5703791,-81.3643939
princeton,525966097884139521,1414235064000,40.26653002,-74.72498738
princeton,525943830127079424,1414229755000,28.5711172,-81.4232949
princeton,525909010487058432,1414221453000,37.1092,-87.8819
princeton,525896560203538432,1414218485000,25.5417256,-80.4016431
princeton,525875397112512513,1414213439000,49.45706545,-120.50664617
princeton,525875309195689985,1414213418000,49.45803036,-120.5079462
princeton,525865919575109632,1414211180000,41.685753,-90.370574
princeton,525860851283017728,1414209971000,39.02411463,-88.571085
princeton,525860527046922240,1414209894000,49.28477826,-123.06471543
princeton,525860003576819712,1414209769000,39.06403578,-88.56120662
princeton,525858474882646016,1414209405000,39.02349114,-88.56951792
princeton,525858237393170432,1414209348000,39.02434618,-88.57100118
princeton,525858139451973632,1414209325000,39.02379444,-88.57112163
princeton,525857847221813249,1414209255000,39.02403023,-88.57114258
princeton,525857679794003968,1414209215000,39.02400253,-88.57108449
princeton,525856467283222530,1414208926000,40.3448374,-74.6319299
princeton,525855666641326080,1414208735000,40.9097261,-74.03242877
princeton,525855064142131200,1414208591000,37.35669055,-80.89311836
princeton,525849685240463360,1414207309000,32.8553685,-96.9887484
princeton,525847337654951936,1414206749000,39.02464427,-88.57179598
princeton,525846899870269441,1414206645000,39.02406556,-88.57102716
princeton,525837577442451457,1414204422000,39.56514506,-76.34837919
princeton,525825221941805056,1414201476000,39.02388463,-88.57102331
princeton,525823474305351680,1414201060000,40.35578989,-74.66331272
princeton,525822018026209280,1414200713000,51.3713594,-0.2589288
princeton,525819296887635969,1414200064000,39.56497726,-76.34796649
princeton,525816793773121536,1414199467000,28.5713809,-81.4178652
princeton,525815261715521536,1414199102000,37.78158455,-81.21224313
princeton,525812608910491648,1414198469000,39.27505306,-84.44298503
princeton,525806233065115648,1414196949000,37.78161789,-81.2122146
princeton,525798287396585472,1414195055000,43.1025623,-89.485223
princeton,525792326871179265,1414193634000,40.35704806,-74.65259167
princeton,525791018571288577,1414193322000,40.35033025,-74.6603248
princeton,525777107415490560,1414190005000,40.26656033,-74.72490734
princeton,525773154577580033,1414189063000,40.75457327,-73.98157675
princeton,525772532780396544,1414188914000,41.685753,-90.370574
princeton,525770468687888386,1414188422000,49.3957,-120.5192
princeton,525767502585163776,1414187715000,33.86703217,-84.16974396
princeton,525767339045027840,1414187676000,32.69304431,-117.14621992
princeton,525755698320527360,1414184901000,42.0550604,12.5915438
princeton,525753596973809664,1414184400000,40.3487181,-74.6590472
princeton,525752971834187776,1414184251000,37.048761,-88.5595916
princeton,525751305168379904,1414183853000,40.3487181,-74.6590472
princeton,525750187319627777,1414183587000,40.36992508,-74.6157157
princeton,525747937213968386,1414183050000,37.31291063,-81.13941556
princeton,525747688160395264,1414182991000,38.98754944,-95.27685925
princeton,525747596074442752,1414182969000,40.71335653,-74.01224725
princeton,525745474540957696,1414182463000,40.29628898,-74.68134224
princeton,525745348581400576,1414182433000,40.3487181,-74.6590472
princeton,525743102879727616,1414181898000,40.34743898,-74.65927813
princeton,525742827905769472,1414181832000,40.34743898,-74.65927813
princeton,525742193328537600,1414181681000,44.83351952,-92.94017667
princeton,525739948746366976,1414181146000,40.34885511,-74.65226003
princeton,525739739970686976,1414181096000,40.3487181,-74.6590472
princeton,525735867147878400,1414180173000,40.3486,-74.6594
princeton,525732383488606210,1414179342000,40.3487181,-74.6590472
princeton,525729707472740352,1414178704000,40.06946196,-74.12697677
princeton,525728601313120257,1414178440000,37.78123593,-81.21228741
princeton,525726787339567104,1414178008000,40.35022363,-74.66001278
princeton,525725678915051520,1414177744000,40.3081999,-74.6685791
princeton,525724046135017472,1414177354000,40.3487181,-74.6590472
princeton,525722230098231296,1414176921000,40.35187377,-74.65986025
princeton,525721908822953985,1414176845000,40.27406624,-74.70816
princeton,525720328970842112,1414176468000,40.3487181,-74.6590472
princeton,525719495286198272,1414176269000,40.30555721,-74.67519879
princeton,525717793086644224,1414175863000,40.35074569,-74.66146042
princeton,525712879878938624,1414174692000,40.3457576,-74.64976692
princeton,525712440278147072,1414174587000,40.75480129,-73.98527275
princeton,525712088988008448,1414174503000,42.33312717,-83.04848769
princeton,525711318876057600,1414174320000,40.3572976,-74.6672226
princeton,525711049803452416,1414174256000,40.34743898,-74.65927813
princeton,525708295022346240,1414173599000,40.35050406,-74.65661108
princeton,525707191492165632,1414173336000,40.35605316,-74.61146276
princeton,525706469778264065,1414173164000,40.3487181,-74.6590472
princeton,525701393177657344,1414171953000,40.34650528,-74.65164095
princeton,525700087201419264,1414171642000,43.151922,-80.516551
princeton,525700077692923905,1414171640000,40.31110838,-74.66339707
princeton,525696837756649472,1414170867000,25.7276402,-80.2747756
princeton,525696782094061568,1414170854000,39.13282532,-88.57058343
princeton,525695936493019136,1414170652000,40.72957444,-73.86267059
princeton,525687082292088832,1414168541000,33.49918101,-86.84571599
princeton,525686676983529472,1414168445000,40.3487181,-74.6590472
princeton,525684291465121792,1414167876000,38.03927728,-84.52224376
princeton,525681928754982913,1414167313000,40.3090477,-74.66791534
princeton,525681487698731009,1414167208000,49.460755,-120.508878
princeton,525681444921040897,1414167197000,40.30878621,-74.6681037
princeton,525681369004130305,1414167179000,49.460748,-120.508848
princeton,525681267464208386,1414167155000,49.460755,-120.508741
princeton,525679069761785856,1414166631000,40.3487181,-74.6590472
princeton,525676316109328384,1414165975000,25.52057941,-80.38998255
princeton,525675263477440512,1414165724000,37.47470297,-81.06793825
princeton,525671959606992896,1414164936000,40.34743898,-74.65927813
princeton,525670309371072513,1414164542000,30.4222692,-97.7107109
princeton,525663349506576384,1414162883000,40.31842,-74.621838
princeton,525663310545702912,1414162874000,40.317975,-74.622423
princeton,525659850609786880,1414162049000,49.45276836,-120.51105596
princeton,525659752538574848,1414162025000,49.45706545,-120.50664617
princeton,525652798789414912,1414160368000,45.51485084,-122.67530845
princeton,525646598257537024,1414158889000,39.02397206,-88.57129362
princeton,525646514287566849,1414158869000,40.314779,-74.661356
princeton,525645393150095360,1414158602000,25.77647283,-80.17818052
princeton,525645244608442368,1414158566000,40.3487181,-74.6590472
princeton,525637236889767936,1414156657000,39.02398731,-88.57164024
princeton,525635785404743680,1414156311000,39.02394927,-88.57087972
princeton,525634898720481280,1414156100000,40.34918,-74.65999
princeton,525634889257717761,1414156098000,25.64006834,-100.37215647
princeton,525624373492068352,1414153590000,42.58175715,-83.11143794
princeton,525611201175502849,1414150450000,41.72363953,-72.2196517
princeton,525578683890036736,1414142697000,38.29208442,-87.56418091
princeton,525543086131138560,1414134210000,40.34872,74.65905
princeton,525539469881909248,1414133348000,45.580277,-122.729829
princeton,525527965602705408,1414130605000,49.45706545,-120.50664617
princeton,525527852729778176,1414130578000,49.45803036,-120.5079462
princeton,525515642103791617,1414127667000,37.98950091,-122.30653854
princeton,525497682178355200,1414123385000,39.02392734,-88.57112657
princeton,525497435146452993,1414123326000,39.02397356,-88.57111115
princeton,525495430432714752,1414122848000,39.6986306,-75.73743093
princeton,525495305677324288,1414122818000,39.0239599,-88.57116287
princeton,525488050995216384,1414121089000,40.336577,-74.565684
princeton,525487606340263936,1414120983000,39.02392088,-88.57110947
princeton,525487536341540865,1414120966000,39.02392088,-88.57110947
princeton,525487113140461568,1414120865000,39.02388208,-88.57113118
princeton,525486925915127808,1414120820000,39.02388208,-88.57113118
princeton,525481445075058688,1414119514000,9.3325568,123.2839307
princeton,525477870375010304,1414118661000,40.34722277,-74.65776758
princeton,525476601610649600,1414118359000,37.4125733,-81.4514915
princeton,525450614961364993,1414112163000,28.571828,-81.3733
princeton,525450577644642305,1414112154000,42.73225648,-84.49339128
princeton,525447641849937921,1414111454000,40.31842,-74.621838
princeton,525447441458679808,1414111407000,40.85578082,-73.93844673
princeton,525446181779169280,1414111106000,40.85578767,-73.93851381
princeton,525445638541307904,1414110977000,40.85576992,-73.93846389
princeton,525444621305143296,1414110734000,40.25694951,-74.65002794
princeton,525443556174217216,1414110480000,40.38345513,-74.6000287
princeton,525443106846806016,1414110373000,42.95434087,-88.10219258
princeton,525433986353745920,1414108199000,43.0549604,-89.51916166
princeton,525426044413964290,1414106305000,33.18048882,-96.52670193
princeton,525423093213585409,1414105601000,43.1496955,-77.60158531
princeton,525418355730432002,1414104472000,44.0507968,-91.6700385
princeton,525414131571388417,1414103465000,28.5713809,-81.4178652
princeton,525413609351184384,1414103340000,39.14053208,-88.56398821
princeton,525412903936335872,1414103172000,43.8508,-89.1217
princeton,525412443938627585,1414103062000,36.18338602,-76.47436677
princeton,525411006932332545,1414102720000,40.34743898,-74.65927813
princeton,525405111951310848,1414101314000,35.91879289,-79.02133006
princeton,525399474697695234,1414099970000,32.8552796,-96.988818
princeton,525393994667528194,1414098664000,28.5714242,-81.4070358
princeton,525393619185061888,1414098574000,40.35203264,-74.65193331
princeton,525391530220355585,1414098076000,40.34822037,-74.65908408
princeton,525387243176083456,1414097054000,39.08185572,-88.62078097
princeton,525385358264238080,1414096605000,40.3487181,-74.6590472
princeton,525384673086959616,1414096441000,40.3487181,-74.6590472
princeton,525383045835419649,1414096053000,40.314367,-74.660418
princeton,525377811289489410,1414094805000,40.3487181,-74.6590472
princeton,525375760602001409,1414094316000,40.38306046,-74.60057974
princeton,525375284187770882,1414094203000,40.3487181,-74.6590472
princeton,525371065640681473,1414093197000,40.21847706,-74.75486604
princeton,525364172272726017,1414091554000,40.3485767,-74.65503044
princeton,525363785998278656,1414091462000,28.5719749,-81.3841571
princeton,525362305606094853,1414091109000,40.349197,-74.66291
princeton,525359884205060097,1414090531000,39.83837126,-75.14262593
princeton,525352855591718912,1414088856000,40.3487181,-74.6590472
princeton,525351286620053506,1414088481000,40.34994606,-74.66138622
princeton,525345949200433152,1414087209000,42.30485411,-83.06056707
princeton,525344907616346112,1414086961000,51.05266612,-114.07503219
princeton,525344562655801345,1414086878000,40.3487181,-74.6590472
princeton,525338814861279232,1414085508000,44.67004508,-70.14665565
princeton,525336342356840449,1414084918000,40.34822037,-74.65908408
princeton,525334242428207105,1414084418000,40.3487181,-74.6590472
princeton,525331951495155712,1414083872000,40.35628273,-74.61161661
princeton,525316615609782272,1414080215000,49.460755,-120.508878
princeton,525316397275291649,1414080163000,49.460748,-120.508848
princeton,525316207529164801,1414080118000,49.460755,-120.508741
princeton,525314386106548224,1414079684000,54.98569196,-1.40347567
princeton,525313714207989762,1414079523000,40.3487181,-74.6590472
princeton,525309667854278657,1414078559000,28.5709899,-81.4017727
princeton,525303703751106560,1414077137000,49.45276836,-120.51105595
princeton,525303634754830336,1414077120000,49.45706545,-120.50664617
princeton,525303522594947072,1414077094000,49.45803036,-120.5079462
princeton,525303430412120064,1414077072000,40.3487181,-74.6590472
princeton,525303135686778880,1414077002000,40.3502926,-74.6583107
princeton,525302587239956480,1414076871000,33.67968923,-95.55500214
princeton,525299774615220225,1414076200000,40.34558116,-74.6571711
princeton,525298318037897217,1414075853000,40.34994606,-74.66138622
princeton,525295206917492736,1414075111000,42.37351016,-71.11913031
princeton,525293165830369280,1414074624000,40.3487181,-74.6590472
princeton,525291722004508672,1414074280000,39.41648801,-88.38051332
princeton,525291578995511296,1414074246000,39.41648801,-88.38051332
princeton,525288718429880320,1414073564000,30.55301127,-87.88255143
princeton,525287894441684994,1414073368000,40.3487181,-74.6590472
princeton,525287366068412416,1414073242000,40.3572976,-74.6672226
princeton,525287179095113728,1414073197000,40.314779,-74.661356
princeton,525282848765276160,1414072165000,40.3487181,-74.6590472
princeton,525282746512326658,1414072140000,29.48574247,-98.67871977
princeton,525277441678249984,1414070875000,40.3572976,-74.6672226
princeton,525275683745198080,1414070456000,28.571828,-81.3733
princeton,525272589954850816,1414069719000,40.3487181,-74.6590472
princeton,525266609867620353,1414068293000,39.41660505,-88.38052407
princeton,525259788931039232,1414066667000,14.61316706,121.03418443
princeton,525241610754207745,1414062333000,40.3487181,-74.6590472
princeton,525237520070868992,1414061357000,37.36623487,-81.10279083
princeton,525230150493822976,1414059600000,14.6134381,121.03401808
princeton,525227349525413889,1414058933000,42.472778,-71.839444
princeton,525202275569266688,1414052954000,38.29208442,-87.56418091
princeton,525142562366324736,1414038718000,39.02447722,-88.57133478
princeton,525142150036877312,1414038619000,39.02819457,-88.5751155
princeton,525141886651342848,1414038557000,39.0238027,-88.57104426
princeton,525126660031791104,1414034926000,37.46378536,-122.13226424
princeton,525118399886938112,1414032957000,28.5714242,-81.4070358
princeton,525111784919670784,1414031380000,32.81439282,-116.99707495
princeton,525107705108000768,1414030407000,40.34879796,-74.66217456
princeton,525102422159802369,1414029148000,39.99360468,-74.75470655
princeton,525100571725144065,1414028706000,38.03366014,-78.51629638
princeton,525099126820577281,1414028362000,38.712505,-90.1167954
princeton,525098535935815680,1414028221000,36.6080217,-119.53285256
princeton,525092050224836609,1414026675000,42.95417676,-88.10200453
princeton,525090619778412544,1414026334000,49.45276836,-120.51105596
princeton,525090117967695872,1414026214000,49.45706545,-120.50664617
princeton,525089940192104449,1414026172000,49.45803036,-120.5079462
princeton,525088004629868545,1414025710000,40.44447056,-79.95317057
princeton,525082852955004928,1414024482000,26.20475717,-80.1265859
princeton,525080085708042243,1414023822000,37.86696255,-122.25806857
princeton,525079865687429120,1414023770000,37.8669243,-122.25817607
princeton,525077289139437568,1414023155000,35.91667,14.43333
princeton,525063228024684545,1414019803000,45.5695965,-93.5795513
princeton,525056777130622976,1414018265000,40.61501339,-74.30923685
princeton,525051131459018752,1414016919000,53.89695605,-2.77139224
princeton,525048402363432961,1414016268000,29.7708043,-95.6236091
princeton,525031072224915457,1414012136000,40.3487181,-74.6590472
princeton,525029988048048129,1414011878000,41.550398,12.6347186
princeton,525025554127659010,1414010821000,40.3419345,-74.66027393
princeton,525015450418040833,1414008412000,40.3487181,-74.6590472
princeton,525013148403654656,1414007863000,40.3487181,-74.6590472
princeton,525012833902546944,1414007788000,40.34534553,-74.66569374
princeton,525012597913829376,1414007732000,40.3487181,-74.6590472
princeton,525010768421322752,1414007296000,40.3487181,-74.6590472
princeton,525010690201772032,1414007277000,40.34872,74.65905
princeton,525009716431581185,1414007045000,29.76332661,-95.46605286
princeton,525001916485349376,1414005185000,40.3487181,-74.6590472
princeton,525001661291327488,1414005124000,40.3487181,-74.6590472
princeton,524996655977074688,1414003931000,33.890301,-117.4779112
princeton,524993134875275265,1414003091000,40.3572976,-74.6672226
princeton,524990908962320384,1414002561000,40.3572976,-74.6672226
princeton,524989082771132417,1414002125000,14.5916804,-90.5118169
princeton,524988792630169600,1414002056000,28.571828,-81.3733
princeton,524983414261157888,1414000774000,42.1501056,-88.4331689
princeton,524981522353623040,1414000323000,40.33927378,-74.46288084
princeton,524980170575187968,1414000000000,40.3487181,-74.6590472
princeton,524979419770028032,1413999821000,53.71938605,-0.43510281
princeton,524976889208008704,1413999218000,36.35596094,-119.63869994
princeton,524975871136768000,1413998975000,36.35596094,-119.63869994
princeton,524973781438459904,1413998477000,40.31842,-74.621838
princeton,524973616682008576,1413998438000,36.35596094,-119.63869994
princeton,524971335899176960,1413997894000,49.460755,-120.508878
princeton,524971215937875968,1413997866000,49.460748,-120.508848
princeton,524971080709324800,1413997833000,49.460755,-120.508741
princeton,524970894322860032,1413997789000,40.3081999,-74.6685791
princeton,524968887830343680,1413997310000,40.3487181,-74.6590472
princeton,524967337280028672,1413996941000,32.53559911,-94.37473328
princeton,524959866360987650,1413995160000,28.5713809,-81.4178652
princeton,524958495440113664,1413994833000,40.3438343,-74.6575177
princeton,524954083434958848,1413993781000,37.35669055,-80.89311836
princeton,524953591753498624,1413993664000,28.5703791,-81.3643939
princeton,524949899352088576,1413992783000,40.3487181,-74.6590472
princeton,524948978262372354,1413992564000,40.35045331,-74.66135956
princeton,524943501235343360,1413991258000,39.27506612,-84.44720639
princeton,524937201319424000,1413989756000,28.571828,-81.3733
princeton,524929687471276033,1413987964000,40.32931073,-73.97593643
princeton,524926290470518785,1413987154000,40.3487181,-74.6590472
princeton,524925405581819905,1413986943000,38.4167058,-82.45124945
princeton,524920012780605440,1413985658000,40.57697667,-74.15969528
princeton,524918656535252992,1413985334000,40.3487181,-74.6590472
princeton,524913388204609536,1413984078000,40.2459983,-74.7870679
princeton,524911991614607360,1413983745000,43.69294651,-70.29923942
princeton,524899584427167744,1413980787000,55.81877758,37.5278663
princeton,524886603899338752,1413977692000,57.1401767,-2.10368226
princeton,524885675020398592,1413977471000,40.31602658,-74.62415976
princeton,524884962592710657,1413977301000,40.31629915,-74.62376475
princeton,524874539260317697,1413974816000,40.3487181,-74.6590472
princeton,524864873789128704,1413972512000,61.11444911,22.1662472
princeton,524859153622511616,1413971148000,28.5703791,-81.3643939
princeton,524858384651399168,1413970964000,38.29208442,-87.56418091
princeton,524834271782268929,1413965216000,34.13374181,-117.64686877
princeton,524816560217538562,1413960993000,40.346153,-74.65385
princeton,524786813299609600,1413953901000,39.02408915,-88.57111031
princeton,524785589351350273,1413953609000,39.02403262,-88.57115801
princeton,524773451933171712,1413950715000,39.02329825,-88.57114388
princeton,524767397170118656,1413949271000,39.02545499,-88.57268023
princeton,524767037072359424,1413949186000,39.02456289,-88.57157829
princeton,524766599107346432,1413949081000,39.02388635,-88.57113931
princeton,524766442378772481,1413949044000,39.02387424,-88.57112213
princeton,524764866285170688,1413948668000,39.27277778,-84.44305556
princeton,524764656397991936,1413948618000,39.02456133,-88.57162256
princeton,524749715456675841,1413945056000,40.94625791,-81.38278336
princeton,524745208077230082,1413943981000,39.02357786,-88.57155932
princeton,524744011777851392,1413943696000,39.02394729,-88.57124761
princeton,524733329405652992,1413941149000,40.35566512,-74.61286501
princeton,524730955396038657,1413940583000,37.78415815,-81.14358564
princeton,524728349705633793,1413939962000,37.78426796,-81.14349092
princeton,524725446743949312,1413939270000,37.78392262,-81.14337341
princeton,524724911454298112,1413939142000,39.02388711,-88.57126194
princeton,524723985159045120,1413938921000,40.35077119,-74.66026495
princeton,524721311218941952,1413938284000,37.78406227,-81.14365714
princeton,524721166783905792,1413938249000,37.78397044,-81.14366585
princeton,524720277268496384,1413938037000,39.4170658,-77.4013896
princeton,524719354882293760,1413937817000,43.05627509,-77.59173338
princeton,524716804527386624,1413937209000,37.78413833,-81.14361087
princeton,524716570472640512,1413937153000,43.05879912,-77.59200801
princeton,524715461548998657,1413936889000,37.78409169,-81.1436558
princeton,524710677819441152,1413935748000,37.78405141,-81.14363953
princeton,524709371889332224,1413935437000,40.99548671,-76.42066475
princeton,524704347943624704,1413934239000,27.9350632,-82.5228494
princeton,524703138134360064,1413933951000,38.54488917,-76.06504767
princeton,524702305644736512,1413933752000,38.88550499,-77.09312899
princeton,524701219366121472,1413933493000,40.31629915,-74.62376475
princeton,524700448457261058,1413933310000,38.54474062,-76.06513448
princeton,524699398916571137,1413933059000,39.0245611,-88.57161432
princeton,524694282012491779,1413931839000,34.33361796,-78.70746922
princeton,524691966295302144,1413931287000,35.7490766,-78.684723
princeton,524690494748508161,1413930936000,40.3487181,-74.6590472
princeton,524688726803632128,1413930515000,34.33365958,-78.70751909
princeton,524685992314544128,1413929863000,41.9145396,-87.6350071
princeton,524680674939502593,1413928595000,40.35002867,-74.65884878
princeton,524677950168649728,1413927946000,40.14014181,-74.70215725
princeton,524676602773659648,1413927624000,40.30596794,-74.67844963
princeton,524672611591401472,1413926673000,40.35116214,-74.6548731
princeton,524669470552629251,1413925924000,40.34743898,-74.65927813
princeton,524669378193661952,1413925902000,40.3487181,-74.6590472
princeton,524667917561233409,1413925554000,28.571828,-81.3733
princeton,524666532019068928,1413925223000,40.378246,-74.662206
princeton,524666500679229440,1413925216000,40.378246,-74.662206
princeton,524666498888253441,1413925215000,40.378246,-74.662206
princeton,524662814871285762,1413924337000,39.96378925,-82.99527267
princeton,524661066580910081,1413923920000,44.97393517,-93.24130722
princeton,524658761487892480,1413923371000,40.36036976,-74.65262768
princeton,524656047030431744,1413922723000,37.5212741,-122.3107626
princeton,524655543567544320,1413922603000,35.92143437,-84.05642354
princeton,524655307679883264,1413922547000,35.92135805,-84.05636302
princeton,524645489879568384,1413920206000,44.98831365,-93.22417895
princeton,524641095746330624,1413919159000,40.32916667,-74.67666667
princeton,524638529675329536,1413918547000,40.34967741,-74.66104595
princeton,524637243739078656,1413918240000,40.346153,-74.65385
princeton,524633736449904640,1413917404000,40.34650528,-74.65164095
princeton,524630877943246848,1413916723000,39.26966186,-88.63377645
princeton,524624195766857728,1413915129000,40.3487181,-74.6590472
princeton,524622858656690177,1413914811000,26.36923027,-80.19501262
princeton,524622049738633216,1413914618000,40.3572976,-74.6672226
princeton,524611477135962112,1413912097000,40.34914638,-74.66525069
princeton,524598186719977472,1413908928000,39.26966051,-88.63371942
princeton,524595376658325505,1413908258000,51.50949518,-0.12274482
princeton,524587451063746561,1413906369000,38.02889002,-78.48146521
princeton,524574540522061824,1413903291000,40.32484267,-74.6481426
princeton,524563263603093504,1413900602000,37.78629442,-81.33674419
princeton,524540826417106944,1413895253000,39.41644097,-88.38044682
princeton,524535381552013312,1413893955000,38.90673308,-77.03817439
princeton,524505075235188736,1413886729000,40.31119621,-74.66746335
princeton,524502337155784704,1413886076000,43.12178019,-89.30921635
princeton,524497301302419456,1413884875000,38.29208442,-87.56418091
princeton,524450820410978304,1413873794000,-5.1218446,105.3264196
princeton,524428966397235200,1413868583000,17.95382499,-76.90030608
princeton,524425506884952064,1413867758000,40.26969407,-74.72554838
princeton,524422787705110528,1413867110000,39.02409562,-88.57210802
princeton,524421884860174336,1413866895000,39.02501629,-88.5721458
princeton,524421552600014848,1413866816000,39.02414865,-88.57151283
princeton,524420997332865024,1413866683000,39.02409544,-88.57106304
princeton,524420124280098816,1413866475000,39.02389922,-88.57109338
princeton,524411472181735424,1413864412000,39.02647189,-88.57403822
princeton,524411209022701568,1413864349000,37.4125354,-81.4516004
princeton,524410862426398720,1413864267000,39.02332053,-88.57111559
princeton,524405083875049472,1413862889000,32.87784818,-117.23300566
princeton,524404333400829952,1413862710000,39.0237216,-88.5711192
princeton,524394821285605376,1413860442000,28.571506,-81.382883
princeton,524393748143546368,1413860186000,39.02398408,-88.57123931
princeton,524392650003476480,1413859925000,39.02385689,-88.57127342
princeton,524392354351185920,1413859854000,39.02384775,-88.57119061
princeton,524392126181019648,1413859800000,39.02358154,-88.57156577
princeton,524382636182347777,1413857537000,37.65175561,-81.46381648
princeton,524381008633024514,1413857149000,37.65206794,-81.46375797
princeton,524380261627473920,1413856971000,39.02466133,-88.57154724
princeton,524376174496337920,1413855997000,35.4677,-78.1576
princeton,524375239988629504,1413855774000,39.35132376,-84.21921546
princeton,524372884224241664,1413855212000,39.02389817,-88.57111425
princeton,524372258006253570,1413855063000,42.09171547,-72.50277246
princeton,524357321611558912,1413851502000,40.30555721,-74.67519879
princeton,524356661536768001,1413851344000,43.12178019,-89.30921635
princeton,524350085774442496,1413849777000,40.26651436,-74.72466913
princeton,524346196660592640,1413848849000,40.32780005,-74.57603216
princeton,524335041405399041,1413846190000,29.5342877,-98.4122153
princeton,524326879122051074,1413844244000,28.5703791,-81.3643939
princeton,524326468055494656,1413844146000,40.3081999,-74.6685791
princeton,524326418571091968,1413844134000,40.02555601,-105.25861736
princeton,524325829279744000,1413843993000,40.35126544,-74.66074524
princeton,524324369707712512,1413843645000,28.5719749,-81.3841571
princeton,524323719456374785,1413843490000,39.02386095,-88.57113579
princeton,524316322633879552,1413841727000,40.31499648,-74.6616086
princeton,524316185337556992,1413841694000,40.36012024,-74.66434732
princeton,524311813949620226,1413840652000,40.36032946,-74.65604258
princeton,524308086325252096,1413839763000,49.460755,-120.508878
princeton,524307977088794624,1413839737000,49.460748,-120.508848
princeton,524307849946865664,1413839707000,49.460755,-120.508741
princeton,524304121298309122,1413838818000,40.378246,-74.662206
princeton,524304119469600769,1413838817000,40.378246,-74.662206
princeton,524294425199931393,1413836506000,40.3487181,-74.6590472
princeton,524282177240825856,1413833586000,40.3487181,-74.6590472
princeton,524276938400333824,1413832337000,25.54,-80.38
princeton,524270960271036417,1413830912000,39.93997834,-75.16645509
princeton,524270664476528640,1413830841000,40.31624384,-74.66084244
princeton,524269838965821440,1413830644000,34.36435771,-89.53768811
princeton,524268061785075712,1413830221000,40.4854683,-86.137224
princeton,524265662634819584,1413829649000,40.34444444,-74.66444444
princeton,524265048374792192,1413829502000,40.48485088,-74.45526336
princeton,524239396628094976,1413823386000,40.346649,-74.65482
princeton,524234115260768256,1413822127000,40.34444444,-74.66444444
princeton,527152689063677952,1414517969000,40.34965336,-74.65994666
princeton,527152516090572800,1414517928000,40.34887305,-74.65775441
princeton,527150857708507136,1414517533000,40.3487181,-74.6590472
princeton,527150238898069504,1414517385000,40.40179545,-74.6485033
princeton,527148061517430787,1414516866000,40.38306046,-74.60057974
princeton,527157640909316096,1414519150000,38.9372787,-77.09009811
princeton,527157146899972097,1414519032000,40.34907932,-74.65861553
princeton,527154478613794816,1414518396000,40.34938495,-74.65972947
princeton,527182315743481857,1414525033000,38.55731902,-76.03705724
princeton,527171853945958400,1414522539000,40.34993206,-74.65992202
princeton,527171764707942403,1414522517000,40.34962627,-74.65976189
princeton,527171187445870592,1414522380000,40.3496195,-74.65976779
princeton,527169569916723200,1414521994000,40.34964259,-74.65992521
princeton,527169161311817728,1414521897000,40.40052593,-74.64905795
princeton,527168765923188736,1414521802000,40.349738,-74.65945776
princeton,527168571622043650,1414521756000,40.34961777,-74.65983227
princeton,527168086710173697,1414521640000,40.34963475,-74.65991104
princeton,527164972103925760,1414520898000,40.34896256,-74.65867496
princeton,527162937824542720,1414520413000,40.34523369,-74.66238372
princeton,527161294919839744,1414520021000,40.34957365,-74.65999763
princeton,527160946696130560,1414519938000,40.349421,-74.65972651
princeton,527160245051981824,1414519771000,40.34960432,-74.66002185
princeton,527160147895132160,1414519748000,40.34960353,-74.6600133
princeton,527160037249417216,1414519721000,40.34960353,-74.6600133
princeton,527159966600552448,1414519704000,40.34960353,-74.6600133
princeton,527159912603086848,1414519691000,40.3495749,-74.66001506
princeton,527159858240684032,1414519679000,40.3495749,-74.66001506
princeton,527159812048826368,1414519668000,40.3495749,-74.66001506
princeton,527159750593904640,1414519653000,40.3495726,-74.66000902
princeton,527159698261573633,1414519640000,40.34956304,-74.66002285
princeton,527159648781361152,1414519629000,40.34956304,-74.66002285
princeton,527159590778306561,1414519615000,40.3495252,-74.66002872
princeton,527186619817009152,1414526059000,37.504,-122.485
princeton,527193028394754048,1414527587000,40.43158462,-74.5149187
princeton,527196422311931904,1414528396000,40.34051496,-74.62352117
princeton,527194794737410048,1414528008000,38.5543141,-76.05179436
princeton,527193712498339840,1414527750000,37.3661,-81.1028
princeton,527203070950645760,1414529981000,40.3487181,-74.6590472
princeton,527200933349183488,1414529472000,28.5724287,-81.4044513
princeton,527200374784917504,1414529338000,40.3487181,-74.6590472
princeton,527200230127587328,1414529304000,40.3487181,-74.6590472
princeton,527200105544564736,1414529274000,40.34743898,-74.65927813
princeton,527199456937385986,1414529120000,40.34351465,-74.64860749
princeton,527198761018466304,1414528954000,40.34190266,-74.62846473
princeton,527207506381406209,1414531039000,43.85733428,-70.10367628
princeton,527205892702216192,1414530654000,38.55991943,-76.06304993
princeton,527212680399290368,1414532272000,39.8867293,-79.9727418
princeton,527257114457411587,1414542866000,39.28879456,-84.47629178
princeton,527254584901636096,1414542263000,40.3487181,-74.6590472
princeton,527251914841677824,1414541627000,33.687913,-86.6243401
princeton,527246531150098432,1414540343000,34.27738565,-118.86408
princeton,527246218133794816,1414540268000,28.5714242,-81.4070358
princeton,527242965191000065,1414539493000,40.3347974,-74.6920041
princeton,527241956599267329,1414539252000,40.2739649,-74.6820686
princeton,527240022647635968,1414538791000,28.5722488,-81.3681718
princeton,527235941602050050,1414537818000,34.5490625,-118.05358216
princeton,527232372006486016,1414536967000,34.99069069,-78.50215098
princeton,527229529606340609,1414536289000,40.372004,-74.6568203
princeton,527223638400180226,1414534885000,40.34994606,-74.66138622
princeton,527270392487223299,1414546032000,49.45276836,-120.51105595
princeton,527270345833984001,1414546021000,41.5014926,-81.68928727
princeton,527270191483617280,1414545984000,49.45706545,-120.50664617
princeton,527270126031486977,1414545968000,49.45803036,-120.5079462
princeton,527274765707251712,1414547075000,40.35048719,-74.66083754
princeton,527274685474824193,1414547055000,40.57466799,-74.53709625
princeton,527285431420080128,1414549618000,44.8909107,-68.67154789
princeton,527281186523975680,1414548605000,37.3662293,-81.1025918
princeton,527295403046076417,1414551995000,38.55918275,-76.0546165
princeton,527295361358893056,1414551985000,40.34743898,-74.65927813
princeton,527295309739999232,1414551973000,38.56549314,-76.06199515
princeton,527294995087101953,1414551898000,38.56545437,-76.06177077
princeton,527291173329592320,1414550986000,39.93997834,-75.16645509
princeton,527300412979032064,1414553189000,33.820644,-84.1926832
princeton,527311470774996992,1414555826000,40.20470427,-74.7919095
princeton,527316006360715264,1414556907000,40.74970886,-74.04501253
princeton,527321879825379328,1414558307000,40.20478922,-74.7919608
princeton,527394412952051712,1414575601000,38.29208442,-87.56418091
princeton,527405816962625537,1414578320000,40.75227356,-73.99385071
princeton,527413209989279744,1414580082000,14.61316706,121.03418443
princeton,527418128033398784,1414581255000,38.54625598,-76.08662717
princeton,527417791587315712,1414581175000,38.55159487,-76.08317654
princeton,527416285639245824,1414580816000,38.56212584,-76.07453414
princeton,527415947858935808,1414580735000,40.3572976,-74.6672226
princeton,527415944797122560,1414580734000,40.3487181,-74.6590472
princeton,527415166254972928,1414580549000,38.56470307,-76.0625666
princeton,527422106158792705,1414582203000,40.35862625,-74.59644383
princeton,527421564493766656,1414582074000,40.704516,-73.925438
princeton,527426258612002816,1414583193000,40.31572839,-74.62434848
princeton,527426189606932480,1414583177000,40.3487181,-74.6590472
princeton,527425898858168320,1414583108000,40.31629915,-74.62376475
princeton,527432153634996224,1414584599000,39.90647435,-75.4209358
princeton,527435441352347648,1414585383000,40.3572976,-74.6672226
princeton,527440675873501185,1414586631000,29.4278996,-95.2439761
princeton,527439959977115648,1414586460000,25.06411268,55.19137048
princeton,527446425152397312,1414588001000,45.569965,-93.5816278